data/Simplextest.asc
ncols 100
nrows 100
xllcorner 0.0
yllcorner 0.0
cellsize 1
NODATA_value -9999 
[rows 19 to 37 of 100, columns 43 to 85 of 100]
0.7399274582161041 0.7495244504151175 0.5525251551976227 0.5456773455609834 0.4403250569270518 0.3494560169452369 0.42649825477777725 0.3560220763290381 0.33727416906811036 0.4747376679379822 0.6117264047656243 0.6611089930749049 0.8016392650602736 1.0 1.0 0.9957915529993102 0.8460624126783782 0.6866215598673719 0.5496841007794602 0.6051190454621405 0.6480915463087911 0.7348985834905223 0.8492402360759247 0.7235822200742817 0.630049943715191 0.6262328677785851 0.5679959580567671 0.5443831467544732 0.4700046139231304 0.3937523772645823 0.43820972430956373 0.4344393192522043 0.4188213137766281 0.5613045884024173 0.7811672946046866 0.8087875886766147 0.7282917691303856 0.4503853640323565 0.38532966827847837 0.4230320798446881 0.5720274719238817 0.6223115056533544 0.5761981271000386
1.0 0.8655257666950031 0.6206163152392774 0.41922243700495415 0.4361091231174411 0.3395728151622239 0.30130684149008413 0.17251474303703762 0.2936549156438141 0.2769934947888071 0.4944550607436914 0.5824327281992362 0.7001234552064854 0.9238951761000807 1.0 1.0 0.7180282944012907 0.50944116350371 0.5318255254663343 0.615717655339839 0.7263203905130957 0.8451742656621547 0.8869073374413172 0.8844948191389517 0.7060102722008865 0.75470066045249 0.7679454872309079 0.6527350090352202 0.4447108803787744 0.47137982729596145 0.39534118414717556 0.4025354669627735 0.4561662675709617 0.5359812280900662 0.7807921967217966 0.8593291480798122 0.8080439369999945 0.5295876151658987 0.3883125350205812 0.5067712967996059 0.4452646421511959 0.5744345221335196 0.5247970507224564
1.0 0.8461223865713008 0.6210848013516295 0.3995025289029792 0.3121055362904318 0.20924794966344112 0.033881086826684004 0.18634882683711346 0.3291558499032892 0.4259047750941314 0.5050797483508214 0.6478264058253228 0.7240264795719376 0.8254730924361742 0.9732743075870656 0.8930235992495947 0.7716749667748456 0.6140588105836478 0.5285284417557484 0.6519559582806513 0.7273215502322956 0.7559163624228434 0.8366614973368877 0.9123122355508057 0.7978822980747347 0.8272324950776011 0.8286389648676109 0.7251142401026232 0.5709237400159938 0.4280653580042998 0.46254367427023646 0.5240782470140755 0.4656521397304125 0.44491655019298754 0.6717610068615884 0.8046364429778666 0.7980991212026385 0.5822621682188824 0.39926871408850273 0.46324622915564545 0.49742429041540026 0.5565021807145849 0.4563187404428508
1.0 0.933154207565364 0.8304616474335265 0.6160989371211425 0.2960251112403551 0.1605571147193972 0.04550832943634192 0.1458387073881527 0.29210290178602705 0.42989132292540644 0.5752861851717602 0.6387900324560345 0.6057710925131434 0.7005798524337334 0.6552203661588373 0.6313994105569057 0.6574111634234409 0.5811389631390066 0.44039923132207826 0.6394265373808175 0.6771034517080698 0.7090254623246897 0.8058450850900889 0.9308020958213723 0.9063023197411725 0.9189116292536486 0.9244364640361025 0.7727137689409713 0.6037745313569189 0.5253347637050367 0.6782896905409872 0.7434700748103051 0.5924621432184106 0.53077443695903 0.6077042594371811 0.7524956168368255 0.6222628621853824 0.4180881294055277 0.2945075164146851 0.28477125924045443 0.3542507337115818 0.41239867110344725 0.34659404102005076
1.0 0.9841708095670008 0.887947891552108 0.7984755884323831 0.42780135414472015 0.21057716572721696 0.14176663557364483 0.14497799472077688 0.2024884999470684 0.3771239784111982 0.43942364812109724 0.5596661502445605 0.5424764750261287 0.5021123694955367 0.39638316844621524 0.46430037395750445 0.4921289979142133 0.46965367187455775 0.333852981555526 0.4226400668907022 0.45149001931517135 0.7854918947880358 0.9781566254648193 0.9975291872121524 0.9197500315187969 0.8881527805124961 0.9129741592875737 0.877724192752106 0.5890045116520443 0.5537943889719734 0.6889024106671604 0.783892178272311 0.7221157109513248 0.7701322990204953 0.6974524441437823 0.6930490794094954 0.5131498298245742 0.2624470743801905 0.10946885760037162 0.0843633911804843 0.13801072642142292 0.3026460864347519 0.3261488289634862
0.8591571679515906 0.856922030546446 0.8333976038886852 0.7127719091077687 0.5675578424015013 0.36320227103235014 0.0740495665397714 0.0 0.04055217635770764 0.13813279396720557 0.23315681164075053 0.35075032446404913 0.45985625414405384 0.4221752337746172 0.25388066032564943 0.23215229304649043 0.2603113940235108 0.33222295353096776 0.2472240837164057 0.11508895490120186 0.28718908245922214 0.5926772130627627 0.800316109268149 0.8596909744722924 0.8096822946301827 0.7589414699092256 0.748750658239205 0.709530233796473 0.6560872820703174 0.6319179992740966 0.7540764735804479 0.86907745424242 0.8350601448061034 0.7638088343446083 0.7010016786770532 0.6487314811615604 0.5500662698867965 0.3989104436232855 0.30194827239228705 0.25277591921484005 0.07698362340333925 0.12797659002148787 0.27010773083679795
0.7121423831582177 0.8123740660802432 0.8396116199498949 0.7236585913099788 0.5581438254480376 0.49189770079693107 0.19685894408229043 0.0 0.0 0.0 0.0 0.27383758597005986 0.3444777777142056 0.35398139672445783 0.20463856311392803 0.13441868149583525 0.2099067135023241 0.20588516287156283 0.0491368552700574 0.00832182555105504 0.19973940135867785 0.389491101144464 0.5945655136206377 0.727228874710889 0.7141870507442655 0.689638525889283 0.6707015025648924 0.5335301997255616 0.5833386831542315 0.8295963600907467 0.933937567809041 0.9079638900970126 0.8380482945648342 0.706751883805985 0.6623188554069714 0.5163018834096798 0.526684114841396 0.5038970206431371 0.37369030298678174 0.3274096231560292 0.08823625083795955 0.12669351608745416 0.1202605032110603
0.5969232882546927 0.7310675535690034 0.9102109830800049 0.6808128736046739 0.5646050151471949 0.5379250334328156 0.30081518381178807 0.10046518653984099 0.0 0.0 0.0614726877987648 0.19398283669637084 0.30364183716177084 0.2975525885788468 0.38615736809759815 0.30086549211201696 0.1946733665918151 0.1010245105457096 0.0318380404692169 0.041728609369654446 0.17957789770536658 0.3716039712527922 0.4513469325162003 0.565643399712489 0.5866567557342645 0.4930377400009426 0.4860154431874837 0.4224798003060281 0.48562630085840286 0.7009100693446189 0.803786700826007 0.8193382041749826 0.7802746559111489 0.6633624104212634 0.49349537780715935 0.5340566626682751 0.5606751679986138 0.5456202404495802 0.4667591979857456 0.3813432049597173 0.29399531448770033 0.2040871574739358 0.24845572296431867
0.48409929794494644 0.6151714436221567 0.7667754238064612 0.7167285242345868 0.555889073027686 0.5237257485569502 0.3393808717825865 0.21897820232266724 0.0983508402413853 0.02999354231673168 0.03611217456994692 0.04790763112047958 0.16018715407847173 0.31195425557032447 0.3682156358460906 0.36342128921521627 0.2779041226429459 0.09373942754653808 0.0 0.010523601452876952 0.19969625059843205 0.43140475467418005 0.531328335424941 0.48573468929879754 0.44117183591229486 0.41095676025774097 0.3572017470113423 0.46271311801828496 0.48705249959547353 0.5581857924592174 0.4971775614793238 0.4717257701854767 0.4157586545224 0.4039370030403492 0.33247032361951656 0.513176177931657 0.5839624331146507 0.664898646664441 0.5540491495719387 0.44477990052842536 0.37951546977084805 0.3236687808421085 0.41868814171916124
0.39615189734803424 0.5571227919247113 0.6433437140858632 0.620213879314536 0.4192357252564491 0.3751375986226405 0.3959560901247808 0.35803313892794614 0.1963692555864367 0.1882011638781534 0.08167630576930529 0.1703421489485688 0.18956637513962588 0.24553111676526662 0.3545968287758797 0.3047296954282952 0.14476771832832014 0.0 0.0 0.0 0.2565600945148288 0.4726554346368546 0.614598225172041 0.6802051649960748 0.5180339049906282 0.46934170460402763 0.4569167423748073 0.4985188075541302 0.4428166821964444 0.4397913575850078 0.38297017859229493 0.29399606936434575 0.082738807061987 0.0967403919382332 0.10828450006473112 0.34935237386652646 0.4315761041375741 0.525552575737663 0.6455595810654977 0.5270344389344811 0.4988288111070388 0.47170463343318686 0.5176504258421325
0.33878182696711745 0.3394851588026957 0.36267839296549786 0.3027526252727123 0.15541949802790977 0.17061853107953673 0.25489558099805154 0.3098251157946506 0.31355843210166673 0.20417607747807143 0.16962616825383248 0.403036987498239 0.4039147842217988 0.31551212305218573 0.30285281695210664 0.27909121405660187 0.10268118700023088 0.0 0.021997459324266944 0.25516908527511745 0.4757511173151665 0.6481302517042482 0.7045456185491293 0.8083311337627214 0.7384815457183113 0.7594758063104129 0.6811162895849902 0.5610539260977169 0.4962684798288037 0.36828852966807807 0.3124768613910518 0.2317402468256139 0.08568526380351327 0.02796008849710624 0.09606034320001189 0.3257045862510065 0.33706863081060284 0.4136607109736937 0.500116751500416 0.426240122869994 0.3575927107514655 0.33293011011198237 0.3186461393631605
0.3427828476404941 0.21676440111536355 0.1611446871433439 0.13364902583906518 0.11569741102911629 0.23048439691727518 0.2550561456049735 0.2393228870928087 0.36589250918995486 0.3270160432836953 0.28776980747477054 0.5646748493867868 0.5268979629827142 0.3527090318816359 0.2991319330761256 0.16167001256233832 0.05124821937355123 0.008981395384816404 0.20892284896897645 0.4718314806117985 0.6088237224104925 0.7698375534852412 0.8732448511513125 0.8720086854041429 0.9218415000867928 0.8862908445648556 0.7852679695211812 0.5516975455201176 0.35687375276891964 0.296266439176033 0.25198445302162087 0.1466380601197218 0.1406378072277253 0.1481088077200856 0.2526479867693562 0.23486744818258803 0.38637130609835224 0.5222639792479782 0.4922720973519512 0.4283799264578928 0.24722582177428687 0.19045537253228717 0.14437583869362758
0.3116228103619537 0.21176244960065854 0.19651099127282046 0.2324536093534414 0.2608921898309079 0.31512124846843237 0.33531408680838604 0.4344545502470746 0.45168856095593246 0.3979489251764906 0.4023698116241584 0.5482828528323224 0.6152308347033246 0.49167064503078056 0.3487668718945909 0.20036493040071984 0.1595780370286498 0.16809615165629854 0.40135446460968305 0.6373159106975348 0.7864864392806745 1.0 1.0 0.9808618716488696 0.9824837428988966 0.7469782678420862 0.6219055032775734 0.4761762344806632 0.3549830792033214 0.27812254863536523 0.24528671907146815 0.15738993630423714 0.21034507044759365 0.1684841701058713 0.07301945683578653 0.12165151681552966 0.20522722110519032 0.46301201060312647 0.4963788081157697 0.4168948392099595 0.23748277881767427 0.08788666122201316 0.047473601796900355
0.2845272791311184 0.2747507013172235 0.3900902362297718 0.3020490012894754 0.5393619950574743 0.5170728042445613 0.5042297884595565 0.3949143920015492 0.42566291336318474 0.504438257070136 0.5030663822171688 0.48069587758404514 0.43816208432272785 0.28819461128970336 0.16547407915032725 0.1826045478180931 0.21425851351887687 0.38854684693638003 0.5868267811136836 0.7880808909017063 1.0 1.0 1.0 1.0 0.9401410425435461 0.7207664501420529 0.4838967734707791 0.3183566652565011 0.31935087235212656 0.2813898810071181 0.348407435574001 0.34275541934427206 0.4808826961140879 0.2553785721658135 0.0 0.0 0.09521971655782047 0.3259108737575259 0.2981115539385078 0.3180297639503671 0.2502266957188036 0.10357355139828806 0.03489080072385603
0.3420263978302612 0.3841793891157588 0.42239051162090935 0.49405203627627814 0.6985221959413102 0.6721874003981264 0.5874842823729406 0.29316449876592054 0.2768991063537892 0.3971989835855423 0.4268618608904381 0.45958764724633233 0.3609334980654217 0.213113347624161 0.16743680183261384 0.23940225481243033 0.26529366129696585 0.5532429266911182 0.7374382049426044 0.756687038957883 1.0 1.0 0.9676758881618833 0.9781522541788354 0.7962187847773814 0.5710266602662909 0.4698872759305738 0.19823733451291942 0.17266312887301594 0.2014416816863609 0.3971082110745408 0.4717782547878354 0.5392772050470339 0.4401059702081323 0.12578587449743384 0.0680609071112741 0.04978819953632796 0.18966591952544243 0.13323948500355143 0.24084717970175684 0.23642165784430857 0.16725909461935756 0.2479812934054345
0.5580537286748495 0.3844096447096159 0.4224941664144087 0.577219814932658 0.6684647511996609 0.7324662381598495 0.69876252421655 0.4537882917483 0.3542153513527856 0.45164631655463644 0.360827116637514 0.49765877108785656 0.456464749933753 0.34055089174815745 0.3314502005976872 0.3287953407567292 0.37098508267657726 0.4637851649224274 0.5707753534516933 0.5599156537178512 0.7988343958922781 0.9356457461679739 1.0 0.9552815467030644 0.7455183197162212 0.4385353496522615 0.45923976246646203 0.2973279782882279 0.22367266304515038 0.2556846221698156 0.3350896493004321 0.5111598705225826 0.5679536500952266 0.5414361991536479 0.4009322333842187 0.3540204030462654 0.15078516250118268 0.14991692369233822 0.20103011337562898 0.3870217745758889 0.46659839123348684 0.37210457425968035 0.43673286177738146
0.5486206506730347 0.3219182158380119 0.32978374168039154 0.46057537033166546 0.5565733892469226 0.7552011397375812 0.6992794076954887 0.5463322157872798 0.37988034947251553 0.502405878443157 0.6249195249006658 0.5125481218670124 0.45450855444246974 0.4298383098791523 0.43241321411132816 0.4615557867383021 0.44584630681093235 0.4653497023787907 0.5063100425637705 0.4924803529096519 0.6124342837490602 0.912367206113876 1.0 0.8391153365853705 0.5407226925508493 0.28965606495452617 0.39112284209538484 0.3740103645011806 0.3393060251559973 0.40691209797609007 0.6094737249978053 0.6995632034204602 0.7096711733343136 0.5541356614519736 0.6232098937348564 0.7299983920663019 0.4763906934213573 0.42931457686412644 0.3575693429661871 0.4117924218046387 0.42952929583968963 0.5152937558106502 0.553718959918146
0.3815219570307198 0.3452328445782489 0.3958329810250099 0.5275414854077967 0.6470723259320882 0.7896067625391505 0.7039318894630004 0.6176288097237288 0.531587098742095 0.7111512665280837 0.821105857899402 0.5635020459138593 0.4284282882558326 0.31958276517192447 0.3871210056337069 0.4325972753068646 0.4933096884860112 0.4991336976450633 0.4337532181548583 0.4123675571204035 0.46030635502263106 0.729838477165105 0.8034766855585154 0.5426058599954701 0.333914877382218 0.22289136632670709 0.3056988663545501 0.37490824428239705 0.35286361985194137 0.49389410904182296 0.7048554457495795 0.772179612989185 0.8374782642815195 0.7040344641852574 0.7367317229704661 0.9057862429690036 0.7931037010706001 0.6575990076963021 0.569665459276994 0.48469668904282626 0.49709607974076436 0.49284928071479334 0.526409555420819
0.3344723853208732 0.3307042295107768 0.43022576893169084 0.5402612404607383 0.6054825975391012 0.6943923219361761 0.5922745812236762 0.6532092928877457 0.748412715122175 0.8750466119896148 0.915834852720116 0.7418321611556011 0.5421015172822423 0.4189594235617649 0.42033819077436463 0.3442601100086543 0.4777439190211066 0.4361258411220841 0.28715420277102743 0.2841160829762366 0.3111893546306334 0.5081415485129299 0.4839431841187983 0.34211830331428 0.27922153764036595 0.2427531322770045 0.2313525137538034 0.43956329815097817 0.41770645610215446 0.468841136395737 0.6427157698867052 0.7393146438957064 0.7151565781241879 0.7186153780457919 0.7282174225479683 0.8867311306408812 0.8592343152742077 0.6723208110600013 0.5841891056113551 0.476726829727019 0.42789255887944344 0.47127959332133706 0.5739596909429269
