data/Simplextest.asc
ncols 100
nrows 100
xllcorner 0.0
yllcorner 0.0
cellsize 1
NODATA_value -9999 
[rows 19 to 37 of 100, columns 0 to 42 of 100]
0.1717195541601627 0.17699308162527205 0.1850368576189229 0.1962659930297781 0.2106905448250336 0.22802642081504942 0.24807201483500188 0.2708125059427955 0.2960976027848922 0.32373755078636346 0.35353695014503816 0.3850945078675383 0.41806131984626765 0.4522508598343492 0.4873799521629197 0.5231018411441668 0.5587641612250623 0.593504158405287 0.6270169167701545 0.6593265531490682 0.6903540167083273 0.7200504872589484 0.7480656784100809 0.7738260252192333 0.7969578160697515 0.8172487587048706 0.834359583067614 0.8480929575765053 0.8585176135039543 0.8657871342329391 0.8700576755250633 0.8712085275957069 0.8691479126308405 0.86392978329349 0.8554800859285929 0.843872817578904 0.8296280880896922 0.8134397158615064 0.795960894392508 0.7778017384710729 0.7592148299600081 0.7404108508732121 0.7216621052668484
0.1677895052219068 0.17485488380041117 0.1848488693023162 0.1982138730949744 0.21501606410258303 0.2349996510047375 0.25787374097975374 0.28356511641150917 0.31186732334728223 0.3425044957553043 0.374993614686694 0.4088964221397796 0.44401851898280303 0.48012508795356257 0.5169371212159228 0.554084481333468 0.5909002237962728 0.6265410889463087 0.6606223108188278 0.6931619376907405 0.7241541963119194 0.7535936041540436 0.7810057498169078 0.8058469396295711 0.8277534405257136 0.8464833177112774 0.8618337609130906 0.8737095724610646 0.882184350746694 0.8874231498066598 0.8895412934212112 0.8884071889021011 0.8839176229012167 0.876117175943375 0.8649722237505657 0.8507062980476856 0.8338172378962108 0.8150580878444613 0.7951941202800467 0.7748292089763943 0.754224974274528 0.7335212537698937 0.712963166614743
0.16354958995843016 0.1724454608849313 0.18446354249009123 0.2000538771238622 0.21924179009545502 0.24179957285249531 0.26744220354156195 0.2959998960328809 0.3271978488055606 0.36066923546246327 0.39584816282630764 0.4321898347527421 0.46951716992260484 0.5075799997745516 0.5460708571469532 0.584544277969373 0.6223902360001142 0.658824981388717 0.6933819154627324 0.7260681025239537 0.7568998212452395 0.7857765675051792 0.8122995888953803 0.8360147611059545 0.8566265704408618 0.8738498121587929 0.8874973346332198 0.8975563835553189 0.9041913887588832 0.9075863583951029 0.9077792422229369 0.9045753413567146 0.8978287094837761 0.8876182319023874 0.8740189904783626 0.8573227161719438 0.8380391638937101 0.8169305546469252 0.7947465419848881 0.7721498902100287 0.7495281905174084 0.7269651487184486 0.7045938640254155
0.1585430148825373 0.16927563572495655 0.18338702437681306 0.2012911875095855 0.2228979001835317 0.2479933098811004 0.27632181567160496 0.30767518647772873 0.34170069013245014 0.3779011598125786 0.41566129141826236 0.4544110416946713 0.49392342009277856 0.5339564655853866 0.5740516432511625 0.6137200864575637 0.6524519415151459 0.6895581916324287 0.724518569701193 0.7572733315509167 0.787710361058054 0.8157137432323178 0.8410713878583411 0.8634691184067954 0.8826896690538655 0.8984999986811084 0.9106426441141556 0.9191070218362254 0.9240968092683628 0.9258099435941622 0.9242198209691166 0.9190977888343907 0.910245708245398 0.897797991958226 0.8819841624282379 0.8631253434248303 0.8417403232070855 0.818585790118363 0.7942930499712963 0.7696091192055179 0.745028163573635 0.7206198637027639 0.6964424132250713
0.15278474671897752 0.1654010076861584 0.1816457074547767 0.20182922750472956 0.2257806425078327 0.25333633019086205 0.2842898826990593 0.3183270680113534 0.3550663042943878 0.393903144969584 0.4340994642194506 0.4751486242911284 0.516772238736076 0.5586038604849302 0.6001264094426771 0.6408414297172693 0.6803098897452744 0.7179433247321574 0.753234016768522 0.7859050255387015 0.8157309298188741 0.8426937424995322 0.8668067347721695 0.887812443278133 0.905612638495929 0.9200713719485065 0.9308809658508249 0.9379631542089866 0.9414736135199729 0.941605821259497 0.9383484659071505 0.9314368123691761 0.9206281042980791 0.906135153795051 0.8883176028589534 0.8675067346389497 0.8443268134943687 0.8194140980119136 0.7933384425890053 0.7668393590710633 0.7404000942403615 0.7141786059964199 0.688216749472186
0.1466198083280723 0.1611203342746298 0.17941606395676096 0.20170012605673662 0.22782136286545712 0.2577181697898314 0.2911291035836862 0.32764155747153245 0.36689310525643143 0.40816348380627415 0.45062233195469437 0.4938006457577133 0.5373162687022623 0.580722053536194 0.6234896109104923 0.665117602766029 0.7052137977802975 0.743211585215336 0.7786487324161986 0.8111193944764332 0.8402956100637791 0.866277774900188 0.8891870712117858 0.9088670524572967 0.9253246560315944 0.9384892356442348 0.948060076240782 0.9539076750008488 0.9560452597231045 0.9546789675906966 0.9498053568658089 0.9411909963401119 0.928633485069551 0.9122989525195977 0.8926548383280425 0.8701370186654894 0.8453750408699306 0.8188802480119464 0.7912368800950522 0.763135788652679 0.7350173693818542 0.7070304255244695 0.6792361172411715
0.14017456923564195 0.15651648830395942 0.17669991915171435 0.20081234287501454 0.22883249704482267 0.26075789730365995 0.29638001649584034 0.3352099134492348 0.37673941117042914 0.4201182575379154 0.4645870647385001 0.509645524367875 0.5548105992918541 0.5996058058546043 0.6434506177860542 0.6858665407179437 0.7264441801970943 0.7646608096167282 0.8000575734039239 0.8322281695230992 0.8608611197506422 0.8860585375513352 0.9079519692285692 0.9265014184215654 0.9417578342224375 0.9536418002908229 0.9619663152515067 0.9665860379074411 0.9674222068570909 0.9645771816801352 0.9580643927273893 0.9478257489337093 0.9336902673165965 0.915788260123269 0.8945634459844463 0.870540432675036 0.844282381739405 0.8162943240573334 0.7872065038505851 0.7576104431440923 0.7278774621801329 0.6981353764886457 0.6685034439689647
0.13345660940449422 0.15148970683974894 0.1733232732159578 0.19901753697404154 0.22862453795636808 0.26222944813958693 0.29970829161876483 0.3405686505966063 0.384053472927981 0.429275678777451 0.47553446056598164 0.5222499099245195 0.5688268713319105 0.6147803133640127 0.659552197947517 0.702603150792168 0.743484118301271 0.7817547226697569 0.8169544628637679 0.8487421183589852 0.8769554048120537 0.9016119820330557 0.9227949525701462 0.9404175000620578 0.9545661221384533 0.9652479924180674 0.9722939223691576 0.9755544999903188 0.974985835374407 0.9706395106722205 0.9626015504084168 0.950855971159569 0.9352827600653085 0.9159960876128398 0.8933823407377737 0.8679364275394714 0.8402134772078658 0.8107829519046083 0.7802582120564903 0.7491640156583694 0.7178132064062728 0.6863424849335014 0.6550037054802581
0.1261997743481623 0.1456397056868069 0.16891829215456927 0.19597456169717387 0.22696620297603695 0.26200302730847563 0.3009365062050108 0.3433624684437937 0.38847528321152514 0.43532806724705636 0.4831041596081032 0.5312214622362635 0.5790565298969574 0.6260147588699638 0.6715133207631043 0.7150316691216345 0.7560213921691257 0.7941579772155611 0.8290335580877992 0.8604245591490334 0.8882855584222699 0.9125857974027839 0.9332971774469184 0.9501938920639244 0.96333318711684 0.972824809799961 0.9785919939068208 0.9804426857433323 0.9784188574305019 0.972590955967795 0.9630430332604473 0.9498585634616447 0.932930623151248 0.9123108980546936 0.8883306817332692 0.8614812328149446 0.8323447635346626 0.801504302315837 0.7695282906218104 0.7368839164833014 0.7039551952197508 0.6709010637898251 0.6380949816686028
0.11808186572702377 0.13864325155135826 0.16312788410352386 0.1914136634018623 0.22363113265856277 0.25984010075314085 0.2998743651882976 0.343446118185176 0.38984503713555674 0.4380616563337184 0.4871318497510424 0.5363824831890961 0.5852068331978446 0.6329654868328451 0.6790229735991653 0.7228516443805899 0.7638961101442197 0.8018331287028441 0.836332814537782 0.8672966370382539 0.8948017132435926 0.9187869724976807 0.93909706931785 0.9554069272740886 0.9676887310271726 0.9760560620781176 0.980538082730186 0.9810742083456032 0.9776572784909541 0.9703435315697501 0.9592770092095679 0.9445744641268805 0.9261585653919003 0.9040641239309061 0.8786286416567337 0.8503725098355613 0.819876729687003 0.787653486233259 0.7542400540374478 0.7200863176311201 0.6856710678562823 0.6513146050770959 0.6174759326546154
0.10909527955179063 0.13047249261239444 0.15590278489039128 0.18524057591172025 0.21845688556213866 0.2555511883883412 0.2964257834093569 0.34089121880495427 0.3882228556409814 0.43741877783799255 0.4875185108329252 0.5376413869351482 0.5871158641709546 0.6353950359223983 0.6818827008992313 0.7259772567513736 0.7671240593260513 0.8049229395240337 0.8390712769801861 0.869611099543942 0.8967353986472409 0.9203747091889268 0.9402742346406147 0.956011931097231 0.9674991127130006 0.9748067633367513 0.9780333090430321 0.9772733862256988 0.972504791383586 0.9637735888493426 0.9511734810754409 0.9348020747372483 0.914668433359443 0.8909239539567221 0.863931705850399 0.8342077396693728 0.8023484914563285 0.768831602624988 0.7341329844249176 0.6986182901329141 0.662870285031463 0.6274756243356796 0.5930043488588337
0.09958930287752528 0.12141555198854015 0.14742839734012442 0.1774613254557072 0.2113835897819284 0.24908402128648835 0.29058688435388846 0.3356891745506136 0.3836376559466027 0.43350998891507897 0.4843489910880597 0.5350958837231969 0.5849967067434276 0.6336010032506014 0.6803612710310897 0.7246480824566093 0.7659052112419095 0.8036494962439799 0.8375229828798137 0.8676849117405139 0.8944223294399121 0.917627587193432 0.9369823502004819 0.9520445102420088 0.9627008964295919 0.9689830799920434 0.9709997279247862 0.9689715857019645 0.9629019868868314 0.9527810623492097 0.9385631785148146 0.9203826465002276 0.8984166951086932 0.8729221895083306 0.8443016106690491 0.8130776784019853 0.7798578526801231 0.7450976044101114 0.7091895407281885 0.6724939842393639 0.6356992914390815 0.5995566134294226 0.5646728508942297
0.08998514704265229 0.11182423844027699 0.1379750514827574 0.16830542634067927 0.20265060407527527 0.24073657997560324 0.28254595967141666 0.3279370416930902 0.37623751876292144 0.4265396138438242 0.4778143182817654 0.5289851781805113 0.579227606033045 0.6280480683135528 0.6749928927937248 0.7194341285357009 0.7607147670514712 0.798358461259447 0.832053576436802 0.8619115861562834 0.8882326239561128 0.9108664094369784 0.9294590485467585 0.9436913664839017 0.953412716565222 0.9586396510597934 0.9595146533087082 0.956229223206241 0.9488338308031918 0.9372309403663583 0.9213458378065232 0.9013525949325134 0.877598283861552 0.8503997667452655 0.8201350934043722 0.787429343538004 0.7528345484398719 0.7168351244238069 0.6797908317343722 0.6421373994985093 0.6046284029109793 0.5679811431457187 0.5328087557104735
0.08068894150717806 0.1022292895214006 0.12818853391148896 0.1584531355751415 0.19285865577517425 0.2310025770529362 0.2727617453025872 0.3180660615901444 0.3663916805118036 0.41683730898168186 0.46830022434221374 0.5197168752795408 0.5701949480294368 0.619208687524131 0.6663124804524846 0.7108435574332417 0.7520818817750776 0.7895679462677616 0.8230819568290276 0.8526466494353815 0.8784317478190079 0.9003511855211405 0.9180655180321918 0.9313364337703232 0.9399817787515176 0.9439740494226776 0.943544523937143 0.9389254105068384 0.9301468879581992 0.9170645688504988 0.8996060904626507 0.8779188589482638 0.852489582182232 0.8237251521440088 0.7919501292645147 0.7577836179198623 0.721892859468995 0.6847921156546204 0.6468495422231861 0.6085071070868576 0.5704890310489106 0.5334575271617407 0.4980776436086845
0.07198071639224222 0.09311572437366779 0.1187274120967649 0.14870604486687233 0.1828103615326225 0.22061773803917678 0.26193092180788485 0.3067787690624205 0.35474868020761896 0.40497368644246917 0.45640607148383494 0.5079145988315373 0.5585634627164577 0.6077408583581809 0.6549219557086974 0.6994418581125945 0.740607716939157 0.7779562302809996 0.8112224687631289 0.8404055711286995 0.865519048914829 0.8865254578436264 0.903220901512082 0.9153730530775883 0.922748010101667 0.9253194821652517 0.9233748371001793 0.9172786607120104 0.9071287699809802 0.8926597865596873 0.8737770981781205 0.8506078825331725 0.8236345762333896 0.7934095833028756 0.7603163279561378 0.7249344302229395 0.6879878409620789 0.6499852211102558 0.611353412243587 0.5725181601585679 0.5340981458112453 0.4968293762937547 0.4613930970431961
0.0640985492241411 0.08468357250584133 0.10977980826424268 0.13928818916580926 0.17283695162199653 0.21005445269455925 0.250698511560031 0.29481388993938107 0.342110792203958 0.3918052491336482 0.44291571221488524 0.49430993331942896 0.5450084301903784 0.5942480872364609 0.6414464765496859 0.6859270064541395 0.7269928790466802 0.7642151363274469 0.7972491213223012 0.8260067474762125 0.850365026388503 0.8702618011519168 0.8856900134386483 0.8964842251581219 0.902370770393604 0.9033860460119875 0.8998404358977155 0.8921488336494607 0.8805260397674262 0.8647008024408718 0.8444839491942696 0.8200335596932974 0.7917565283779914 0.7602098421094695 0.7259775509476719 0.6896434033692432 0.6519014883759233 0.6132509157433521 0.5741259102038166 0.5349200415780203 0.49623558180835464 0.45887910615533156 0.4235432936124079
0.0570311786830939 0.07696683703896937 0.10136197915134357 0.1301070314017535 0.16285598062477105 0.19932220500083475 0.23923102419873515 0.28251547874826966 0.32900184270354527 0.3779700726870994 0.4284967075585242 0.47951936201283235 0.5300441811695719 0.5792413342175121 0.6263716964880273 0.670760106793221 0.7117892881352617 0.7489720608352637 0.781835452602472 0.8101055012567825 0.8336546848896853 0.8523578471874805 0.8662807108414436 0.8754299005056589 0.8796321831410101 0.87894819771073 0.8737388986684553 0.8644147940071094 0.8511776418206357 0.8338578831087569 0.8123005718196894 0.7866611631691195 0.7573426425323448 0.7247762187875202 0.6896368834708835 0.6525583516801072 0.6142160975626567 0.5751092345993458 0.5356521388123988 0.49625786322011983 0.457529138292678 0.4202614846933622 0.38516139497777646
0.050643094488686397 0.06982898499226974 0.09334817698214884 0.12110283470725569 0.15290551239127287 0.18851646148288245 0.22767114468900929 0.2701591971477859 0.31576663424285384 0.36384798153456976 0.41362435366910866 0.464125124541733 0.5142827950930545 0.5632203578677082 0.6101695493265691 0.6544355059226588 0.6954519340974291 0.7326235672244279 0.7653223210405896 0.7930870086315167 0.8157805304902038 0.8333115985824374 0.8456761680147863 0.8530297046661619 0.8553734557041355 0.8528307387241439 0.845851546806537 0.8348440345899635 0.8198802686501759 0.8009466996389056 0.7780086602097551 0.7512146893264084 0.7209615827726346 0.6876154528788471 0.651765676756595 0.6141079213364041 0.57532415815073 0.5358790421313273 0.4962603947819674 0.4569234378597049 0.4184099050712681 0.38144489580079755 0.3467378735745514
0.04489484509637383 0.06321685121063923 0.08573258652587158 0.11238260307220166 0.143132194366926 0.17782751099017793 0.21620802839125416 0.2579259842833086 0.30259981724028334 0.3497555331013351 0.39874896339289434 0.44861716841235466 0.4982644817828042 0.5468033783216506 0.5934625686412995 0.637508079459716 0.6783845982242636 0.7154565763178005 0.7479723331118736 0.7752784224370772 0.7971096786769933 0.8134316999586824 0.8242732344923765 0.8298133318063494 0.8302477562602051 0.8258133139727866 0.816983297022549 0.8041499307523831 0.7873665291486571 0.7667746423834911 0.7424746103489537 0.714598420850005 0.6834504655868218 0.6494275984510495 0.6129563129775827 0.5747887134041938 0.5356727347407563 0.4960532027948356 0.4564710057134383 0.41741910458709164 0.3793291404752889 0.34286512840574623 0.30869646478466983
