data/Simplextest.asc
ncols 150
nrows 100
xllcorner 0.0
yllcorner 0.0
cellsize 1
NODATA_value -9999 
[rows 76 to 94 of 100, columns 43 to 85 of 150]
0.15790141163304122 0.1593450391698995 0.16086578334731594 0.16252581216720893 0.1643847517655505 0.16653294822029757 0.16908286487802196 0.1721425595417564 0.1758000265187124 0.18014791418592085 0.18528648277240017 0.191329812418545 0.19837931161059838 0.20649773498757837 0.21570395628395453 0.22598879522135318 0.237330861227598 0.24970536857771947 0.2630825042622962 0.27742096855707055 0.2926604911559373 0.30872446999075365 0.325535333906703 0.34302105634775754 0.3611044315271971 0.3796885785717351 0.39865418905423616 0.41790164790512807 0.4373678364405715 0.4569900147106915 0.4767168931510856 0.4964832295877023 0.5162252809301893 0.5358987553545076 0.5554513205900113 0.5748146208374301 0.5939432219988334 0.6127881331494602 0.6312783929285636 0.6493436309545539 0.6669239233955202 0.6839464378338849 0.7003179708538027
0.15989920573345806 0.1613475698504492 0.16283711753662042 0.16443171699817621 0.16620317042217453 0.16824093599326614 0.1706520412459822 0.17354736432803586 0.17701132277731035 0.18114025127216923 0.1860487929316791 0.19184939710435847 0.1986334630357425 0.2064641378171644 0.21537423634957695 0.2253676548818262 0.2364315475027547 0.2485409239257844 0.26168032104791045 0.2758077451584841 0.2908579957479326 0.3067616866087274 0.3234465434187975 0.3408366641232051 0.35883939745732146 0.3773487114112292 0.3962538161481963 0.4154532821341006 0.43486374114974347 0.45442816540766695 0.474107154900594 0.49382984766100035 0.5135232026195969 0.5331368679728185 0.5526220965765077 0.5719251368079612 0.5910040198209002 0.6098028879312005 0.6282469578552968 0.6462776678491161 0.6638449763611776 0.6808780227182529 0.6972819273371142
0.1623911478846659 0.16383805810096325 0.16529091327869083 0.1668186561129189 0.16850108716153533 0.17043774131050016 0.1727289647566494 0.1754702835874899 0.1787463219584951 0.18266565514109578 0.18735008404098266 0.19290604122683108 0.1994134285836311 0.20694089681659864 0.21553301726772142 0.2252113479590015 0.23597416160494866 0.2478013296259256 0.26067979539697184 0.2745652099436211 0.2893985457310092 0.3051171932102941 0.3216432506580607 0.33889884527446396 0.3567872514104766 0.3751860196261396 0.3939859351691926 0.4130949070849942 0.4324201757812652 0.45189823474176305 0.471492411220815 0.4911432551501654 0.5107739564700339 0.5303198402886735 0.5497342964129801 0.5689786305147021 0.5880058362927854 0.6067548775770233 0.6251560161222874 0.6431527659303599 0.6606979020134568 0.6777269573894339 0.6941426313672049
0.16535245768639317 0.1667973498994621 0.16821617084401003 0.16967931974338074 0.1712769961806336 0.17311742438249053 0.1752955110518848 0.1778932001416926 0.18099775237449003 0.18472600388351218 0.18919484768582467 0.19450509317160306 0.200730011661596 0.20794608223572017 0.2162079161943335 0.2255483009803413 0.23598305296272523 0.24750411080896045 0.26009849885308767 0.273720403375498 0.28831571410548046 0.3038281434687818 0.320170216485158 0.3372547031015898 0.3549873238859769 0.373241593698801 0.3919021727471042 0.4108724152405795 0.43006766619455794 0.449423718341205 0.46889831297088713 0.48844587888650265 0.5079914247795616 0.5274644127166677 0.5468176800543952 0.5660068344973692 0.5849779122085206 0.6036718099804542 0.6220272739072208 0.6399870367883946 0.6575056064835793 0.6745213912302233 0.6909320032058669
0.16877074151353288 0.17020711261215446 0.1715923874574178 0.17300559211597843 0.1745328374106817 0.17628031952736706 0.1783489903809201 0.18081310084794544 0.18376143738034423 0.1873055331115439 0.19155887913554792 0.19662265717920804 0.20257191733890667 0.2094770285248675 0.21740253448165903 0.22639664072495025 0.2364899175253275 0.24769166362553094 0.2599886358295304 0.2733298436036059 0.2876695247806475 0.30295512986154893 0.31909342528163254 0.3359831845658262 0.3535199472067503 0.37158347762804106 0.39005796614841964 0.4088405973571313 0.42785526271625435 0.4470443355618593 0.466368771912286 0.4857833631915586 0.5052199892565803 0.5246092354777068 0.5438949683618055 0.5630221207242855 0.5819327837483218 0.6005697821519926 0.6188712750580924 0.6367889358451467 0.6542730175631208 0.6712574902042455 0.68764561310649
0.17265086735751523 0.17407333986705492 0.1754280499189969 0.17680024681843287 0.17826490956917662 0.1799235642228602 0.18188222707999419 0.1842127119142583 0.18700545286078457 0.1903720807470497 0.1944169911255354 0.199242723279421 0.20492447581539522 0.21152535113289195 0.21912479067501256 0.22778482333244865 0.23754214042940636 0.2484210815442184 0.26040570774426447 0.2734507578253159 0.28752072451042066 0.3025601923024406 0.31847135788155634 0.33513825130011 0.35244231586661423 0.37026387875429245 0.3884935526587364 0.40704171619377455 0.42583732814509084 0.4448240096073363 0.46396911477157166 0.48322631230393037 0.5025280722207002 0.5218087459771941 0.5410047137516942 0.5600571028818424 0.5788998039426204 0.5974718531222827 0.6157145077024755 0.6335835747781328 0.651020941306828 0.6679526408008298 0.6842914086591989
0.17698727593533004 0.17839872272159435 0.17972792328281376 0.18105767948205218 0.18245708579896458 0.18402640715075363 0.18586961659992107 0.18806449511578974 0.19070581870361825 0.19390180823896436 0.19775199332282462 0.2023525405739195 0.20777581750923077 0.21408829033983864 0.2213795060426924 0.22971883549556163 0.23915236826588301 0.2497062893960964 0.2613714158608582 0.2741133525057736 0.28789607240707493 0.30266536874498606 0.3183232753839152 0.33473454731298036 0.35176839485320294 0.3693065661804038 0.3872521166812932 0.40553231089389125 0.424078772720779 0.4428365359924632 0.46177142699187146 0.48083534406788375 0.49997030887850563 0.519113965870593 0.5381984382984335 0.5571601529143579 0.5759178697998304 0.5944096026412065 0.6125850917067391 0.6303910008838103 0.6477575717490673 0.6646121735420798 0.6808753263188851
0.1817410641017636 0.1831454892458298 0.18444821162876301 0.18572829167452384 0.1870607098111029 0.1885430875411349 0.1902753467892075 0.19234305361444237 0.19484125036296676 0.19787259479868397 0.2015344312623438 0.20591868878325764 0.21109711766465952 0.2171419254041866 0.2241408353296762 0.23217501706693322 0.2412974166329078 0.2515285078933444 0.26287099004553593 0.2753007120860076 0.2887754627216093 0.30324764218200395 0.31861612507134374 0.3347382893707584 0.3514741387790902 0.36871084039176305 0.3863573682401039 0.40434890677150254 0.4226248855169562 0.4411277370178335 0.45982017196729663 0.4786569343577196 0.4975957839754744 0.516577820815481 0.5355283120849421 0.554372055346082 0.5730213254167394 0.5914134113863085 0.6094943669147594 0.6272072754430076 0.6444752513225592 0.6612228245968121 0.677381299232258
0.18684130734874183 0.18825155272244565 0.18953410341140087 0.19076825588503432 0.19203604858364998 0.19343006132017143 0.1950499962128344 0.19699397666401958 0.19935203087216233 0.20222030899308988 0.20569912201230967 0.2098777539184243 0.21483117289517267 0.2206300127912622 0.22735852347997962 0.23510188486715297 0.24392103113450983 0.25383395616698207 0.26484823698975857 0.27694971314327 0.290103455444636 0.30425427345840783 0.3193003545178902 0.3351022712541146 0.3515177701027791 0.36843970473630416 0.38578399065545804 0.40348314085664827 0.4214825489166752 0.4397185965281015 0.45814855047181036 0.47673497628550277 0.49544851642832366 0.5142369405191982 0.5330228916232064 0.5517146608723998 0.5702179664040032 0.5884714476063025 0.606419035841491 0.6240018493592291 0.641142476305387 0.6577564391174713 0.6737812192605962
0.1922255956691553 0.19365739543380955 0.19493338820493547 0.19613382420007047 0.1973373326212652 0.1986387305364407 0.20014546680530543 0.20196021260600316 0.20417119402830713 0.20687421832547181 0.2101721735995516 0.21415398580870745 0.21889479061784625 0.22446404252522725 0.23094274650824645 0.23841086539404335 0.24693303128314523 0.25653577123223503 0.26722153227407786 0.2789903060151138 0.2918155015244529 0.30563387576173295 0.320343551212366 0.33580441906521535 0.3518794807245393 0.36847059285372746 0.3855050478985177 0.40291399216842827 0.42062856869075876 0.4385886353818098 0.45674619524198645 0.4750723195255196 0.4935395493896546 0.512104906401934 0.5306880834326262 0.5491865324700824 0.5675037725403806 0.5855751889439513 0.6033469939411957 0.6207562898705011 0.6377253955150823 0.6541771574537231 0.6700432591576551
0.19783339933053484 0.19930343831455338 0.20059026159517476 0.20176646582895574 0.20290709179376454 0.20411440834975492 0.20550583370425668 0.20718329699879035 0.20924116808323376 0.21177579515392467 0.21489084330768943 0.21867547515617505 0.22321020748622644 0.22856931936555758 0.23481717909709582 0.2420236270834006 0.25025593047714323 0.2595517802215524 0.2699182371894673 0.2813617432608434 0.2938553863287975 0.3073369227699487 0.3217051633377748 0.3368184147375528 0.3525486507124537 0.36880449070463667 0.38551815332680706 0.40261823176893335 0.4200327418849875 0.4377066159410563 0.45558784320341117 0.47364651303759325 0.4918554804495439 0.5101724179316681 0.5285172562717593 0.546784731917671 0.5648853695850201 0.5827410108619574 0.6002936524217807 0.6174837914498594 0.6342332602890857 0.6504818559817843 0.6661585196513619
0.2036107405954794 0.20511541194494806 0.20641827693183423 0.20757506503731857 0.20865977457091722 0.2097790120814167 0.21105571121915828 0.21259390220380206 0.2144950973357132 0.21685960969650145 0.21978849170231893 0.22337713628591976 0.22771501631605298 0.2328751256225554 0.2389035535353698 0.24586358702483052 0.2538218745311172 0.2628202545906796 0.2728765795810369 0.28400025320352495 0.2961677999501835 0.3093171293004135 0.3233466488731608 0.3381191733216298 0.3535094849998598 0.3694279160289429 0.3858034236324203 0.4025745998927372 0.4196795966085531 0.4370631299014182 0.4546661966124723 0.47245268282467606 0.4903916038568889 0.5084386691927488 0.5265143427477346 0.5445182251707926 0.5623660607966002 0.5799726579836738 0.597270080368522 0.6141994619136494 0.6306927751390877 0.6466968195723692 0.6621487022470265
0.20949358650516475 0.21100142184555 0.21230756142305557 0.2134451895702863 0.21448262360392764 0.21552681074872454 0.2166988589344046 0.21810378746820053 0.21985283050362436 0.22205083285995128 0.22480302184261045 0.22820767640931916 0.23235554335340924 0.23731219614601218 0.24312343368934342 0.249847809603623 0.2575519209535747 0.2662761592341856 0.2760472048505018 0.28686885807736423 0.2987204003993956 0.3115467026048372 0.32524117202325453 0.339677703578849 0.35473156069964146 0.3703078474665057 0.3863397272795589 0.40277950073779495 0.41956916430112023 0.4366455397981128 0.4539619984836157 0.4714747490098746 0.489141821885406 0.50691034226393 0.5246945717704286 0.5424022236198329 0.5599548046472587 0.5772721002962352 0.5942802540025731 0.6109187109504812 0.6271238613071846 0.6428486613936444 0.6580419306467321
0.21542261015121 0.2169037541827618 0.21818461622236152 0.2192874322792488 0.22027438144936767 0.22124779067094744 0.22232397663583633 0.2236133499081613 0.2252279437660646 0.22727641496706213 0.2298698287547602 0.2331081036524671 0.23707255424449067 0.24182672503020583 0.24742583765850631 0.2539279233045382 0.2613975545658995 0.2698794460394078 0.27939281811997224 0.2899376155696839 0.3014876821853575 0.3139916430759425 0.32734931639456843 0.34144083166019035 0.356154495471556 0.37139038753573195 0.3870890327989643 0.4032036013264396 0.41967394246548445 0.43643827431814497 0.4534577666335335 0.47068812685014827 0.4880775338216986 0.505558869562349 0.5230376909600394 0.5404283702907611 0.5576514384348792 0.574636277449756 0.5913191603656893 0.6076427636385633 0.6235389297698171 0.6389614193322556 0.6538660739757358
0.221355800152928 0.22278091557824736 0.22400314634304197 0.22504741972572256 0.2259756621510467 0.22688021642993797 0.22787259407352883 0.2290703249326988 0.2305801164575241 0.23250750771241457 0.23495930547527988 0.23803980448341466 0.24182671302486647 0.24639011714377404 0.25179174214121697 0.2580868950838105 0.2653460422346823 0.27361143095011037 0.28288953929817345 0.2931722931546426 0.30442846431906595 0.3166055759324938 0.3296161955775695 0.3433565366987851 0.3577247412668205 0.37262686189191313 0.388001528768238 0.4037957468290882 0.4199477530086442 0.4364026155529448 0.45312039855618325 0.4700580246814219 0.48715985140830614 0.5043399888889396 0.5214999294086374 0.5385534214586676 0.5554254094269522 0.5720539466310519 0.5883868890095781 0.6043734828167902 0.6199461916505973 0.6350509653278502 0.6496466818308345
0.22726085312161973 0.22860112070130562 0.22973718462045212 0.23070691393707798 0.2315722785640081 0.23241613250022902 0.23334154612346655 0.23446677252320258 0.23589444982807561 0.23772627913340463 0.24005819358420002 0.2429932547262964 0.24661793847822627 0.2510050909131028 0.25622326104790877 0.2623308002103018 0.2693974123635428 0.2774635779087651 0.28652063693543106 0.296545322642471 0.30750357919937515 0.3193489694998783 0.33200699905784703 0.3453893477023624 0.35940614545185273 0.373970755226797 0.38902101426527935 0.4044976525735874 0.4203367192090184 0.4364889271701558 0.45290647092025577 0.4695429325860082 0.4863403329539007 0.5032048715428327 0.5200323191175991 0.536735084654174 0.5532467943073881 0.5695165579049772 0.5854945044541 0.6011297598258665 0.6163659180743446 0.6311451769125198 0.6454227150356255
0.23311283211333053 0.23434573112924215 0.23538369388195826 0.2362711806925138 0.2370706646409373 0.23785531943910676 0.23872643880744127 0.23979804025301743 0.2411649972297941 0.24292099416322574 0.2451570542303319 0.24796889769346728 0.2514519512678226 0.2556847152102124 0.26073732877295475 0.26667229183532815 0.27355150517442917 0.2814117506505033 0.2902432725893532 0.30000540684299026 0.31066357321282373 0.3221804177347781 0.33449111674348914 0.3475172296445483 0.36117885297034347 0.3753992548873424 0.39011887423898267 0.4052736404094584 0.4208022208919151 0.4366541226973776 0.45277172937030097 0.4690971614707817 0.48556840793459366 0.5020977066470953 0.5185812284112051 0.534930746004979 0.551089430272387 0.5670049357122233 0.5826316449189667 0.5979139897367656 0.6128081821578927 0.6272595293990186 0.6412147617190127
0.23891347671712862 0.2400171772646492 0.2409444843698142 0.24174160748112944 0.24247111708844765 0.24320198424648481 0.24403157342072432 0.2450708369973638 0.2463972105474242 0.24809472787826758 0.2502550075848064 0.2529677549192499 0.25633055639293584 0.26042729921105884 0.26533016069737597 0.2711034180802532 0.27779738494655415 0.28543786522887044 0.2940212399047187 0.3035131613695111 0.3138738707899888 0.3250656972390258 0.3370320993758297 0.3497093573368345 0.36301879298930945 0.37689156607274843 0.3912760579705472 0.4061050345799124 0.42131693998218256 0.4368566208026189 0.4526602727416884 0.468664163275962 0.48479906254772026 0.5009768616430189 0.5170992714981083 0.5330925167190339 0.5489066668688835 0.5644817935127495 0.5797612522384329 0.5946932327505658 0.6092445722276378 0.6233646229788845 0.6370023818750616
0.2446993399668784 0.24565585503616402 0.24645759946154683 0.24715511617005734 0.24781016334493175 0.24848971202473935 0.24929042169438537 0.25030460851693814 0.25159928273267124 0.2532566141037568 0.2553665831027883 0.25801050701332984 0.2612795188383318 0.2652583230789327 0.27002121127580997 0.2756309745706921 0.2821264343486741 0.28952902892951304 0.2978455941377581 0.30705055041543244 0.3171070841925304 0.32797589804416705 0.33960169473888 0.3519298525188877 0.36489015482639087 0.3784166050897487 0.3924582650003543 0.4069550111860273 0.42184058011476944 0.4370514445454477 0.4525273033873448 0.4681984507589071 0.4839861851333474 0.49980054438189087 0.5155563651579814 0.5311883607109951 0.5466559177716458 0.5618920951160522 0.5768291970652388 0.5914174797430398 0.6056327068330936 0.6194295743435134 0.6327615528418834
