data/Simplextest.asc
ncols 100
nrows 100
xllcorner 0.0
yllcorner 0.0
cellsize 1
NODATA_value -9999 
[rows 57 to 75 of 100, columns 0 to 42 of 100]
0.3676652923284421 0.3592932910844568 0.35364095052575706 0.3511318358563856 0.352151973113091 0.3569832545081876 0.3651747460484466 0.3760033783118888 0.3890566609022514 0.4039940547074401 0.4203125009370239 0.4374947516921559 0.4548703142066377 0.4716534763550877 0.48744244891928834 0.5020246275856526 0.5152979508488874 0.5272089971999833 0.5372679890615066 0.5448299836631624 0.5493548652557096 0.5503836775067887 0.5477594748042326 0.5413811875998847 0.5310965619978582 0.5169839290432607 0.49949538921721276 0.47919427120918134 0.4568051655758393 0.43291743459434656 0.4077367630696061 0.38158866775411554 0.35505873528348464 0.3285942654374462 0.302824109870388 0.2784666915145034 0.2559998608186862 0.23582513111550124 0.21830965672762628 0.20391357934771348 0.19276844234946094 0.18464560571745414 0.17926664763053518
0.39788360865054817 0.3885943153647639 0.3817825191436114 0.37786930739926283 0.37726576588593697 0.38030345567445334 0.3866639430866763 0.3957133728065315 0.40708935678514635 0.42049738929882197 0.43543084096713724 0.45135941631090554 0.4677267605695459 0.4838997385378875 0.49950964273939114 0.5142891780177732 0.527996489231139 0.5404147916355984 0.551023759410544 0.5592604375752037 0.5646710840819977 0.566799278209527 0.5655454458742522 0.5607756554159233 0.5521998200791876 0.5398343048797337 0.5240227717205188 0.5052040484823999 0.48402767664341373 0.4610831322521191 0.43669736003526816 0.4112140167101558 0.3851997955469611 0.3592308289117926 0.3339790578216172 0.310106215756426 0.2880912108891419 0.26835721262789153 0.25124258514661985 0.23714187280203164 0.22618343328480367 0.21809713919666326 0.2125928427778851
0.42603067379301335 0.41614006685798133 0.40849567859809005 0.4035579128754342 0.4017176834365356 0.40321610384436857 0.40796027361798687 0.41549512315107034 0.4254463990364848 0.437566394720202 0.4513815352092061 0.46629880344043834 0.4818432874081373 0.4975637867860882 0.5131449998252549 0.5283181395246689 0.5427399866460024 0.5559293846773573 0.5673385175032158 0.576566520313728 0.5831141418217787 0.5865793124446895 0.586815801635313 0.5836883202327927 0.5768971542088541 0.5663753306039327 0.5522993069703521 0.5351121075571563 0.5153844121632026 0.49356840791465695 0.47010375841310464 0.4453781572083326 0.4199696753278708 0.3945794211594847 0.3698984511673739 0.3465376775081357 0.3249728949489042 0.3056579258110232 0.28891735910588173 0.2750367915643217 0.26417398023325034 0.25606352495621537 0.25044804258758013
0.4515906129213526 0.44136103221971845 0.43321238252404276 0.4275565964937552 0.4247387250838292 0.42502277649422193 0.42850770754079165 0.43486073959441734 0.4436793831053476 0.45471520940672056 0.4675906104930247 0.48173461262093764 0.49671004112731626 0.5122088658339634 0.5279379323365905 0.5436101794424867 0.5588615406876434 0.5730633928570255 0.5855923930689493 0.5960468384006006 0.6039664394575701 0.608948869347937 0.6107965919436654 0.6093517720440527 0.6043589367385466 0.5956897166220574 0.5834138057545726 0.567915391920893 0.5497531729369444 0.5293024860086275 0.5069740609549609 0.48324545279572834 0.45866337082636843 0.4339612824983708 0.4099030199872886 0.38709219655197663 0.3660239851625884 0.34709377551609444 0.33070078117105894 0.3170800070759647 0.306297399111174 0.29809741243162424 0.2922795461597145
0.47425915179605216 0.4638114222700878 0.455325327583182 0.4491575211005073 0.4456550876354699 0.445129804424591 0.4477079705546604 0.4531518709042899 0.46110004681686445 0.4712980539662164 0.4834032675305323 0.4970200905260013 0.5117086708028064 0.5271762323657915 0.5432389286582747 0.5595772847220042 0.5757466743798518 0.5910904353342987 0.6049378292414439 0.6168336839140012 0.6263297300279568 0.633025418359454 0.6366238303488853 0.6369264839144423 0.6337419789652381 0.6269393677798585 0.6165340232498981 0.6028067432518726 0.5862451221769197 0.5672883924858872 0.5463089497365569 0.5238106834199345 0.5003237673686247 0.47657510239761214 0.4532949066276551 0.4310799913388364 0.41050604006232794 0.3920111440893804 0.37598619744173767 0.3625790916403562 0.35176221303836186 0.34342653377427856 0.33736263942130096
0.49367907567405844 0.48304163120958304 0.47433661763492535 0.4678543800044186 0.4640103121103373 0.46303095801338895 0.4650269502670295 0.46984594028556936 0.47716199480718263 0.48674945301052236 0.49834394989902675 0.5116135603449028 0.5262101749381627 0.5418471499419972 0.558373291659998 0.575512378851274 0.5927124446951821 0.6092150684570715 0.6244640695664628 0.6379857900092532 0.6492560531383061 0.6578162912096761 0.663310477014786 0.6655094234319553 0.6642419159724953 0.6593945451459327 0.6509482760118481 0.6390677416863211 0.6241625590966788 0.6067529407906347 0.587284413704361 0.5662238680232988 0.5441123713039746 0.5215783810220598 0.49923869161693457 0.47773736679250867 0.4577526904367088 0.43977828252884343 0.42410979567367213 0.4108650710001709 0.3999965691681373 0.3914710571629578 0.3851558846121196
0.5095021230119734 0.49864555293738777 0.4897773065007927 0.4832136813976494 0.47930446742112465 0.4781598411262945 0.47984366584202026 0.4843083623789323 0.49122648580500033 0.5004151889459247 0.5117166383884434 0.5248476510422498 0.5395168138629957 0.5554833896933059 0.572553386338599 0.5905062651019928 0.6087598155683689 0.6264827910431356 0.6431557246849453 0.6583837264178148 0.6715471522134104 0.6821146144354228 0.6896695579066665 0.6939731692521032 0.6948667634267812 0.6921699223885165 0.685766066709048 0.6758020649182773 0.6627222752118074 0.6470587022409282 0.629266734444424 0.6098393158811487 0.5892683119419246 0.5680896095450696 0.5469214383348904 0.5263931855872535 0.5071379507120578 0.48972491853752453 0.4744167232594346 0.46137559342828716 0.4505296089870883 0.4418402692491492 0.4352711106478391
0.521715928647684 0.5105963576542978 0.5016049804080356 0.49503713560421486 0.4911674823000894 0.4900454678621455 0.49165348032980427 0.49593866360226324 0.5026749649119564 0.5117083686134546 0.5229385967688988 0.5361418141608775 0.5510360648903082 0.5673898580309246 0.5850412810630308 0.6037791793560052 0.623034022109707 0.6420076132499286 0.660176843058099 0.677106935980994 0.692220039423854 0.7049591984515353 0.7147865349875195 0.7214216589926403 0.7246804671295013 0.7242863968231777 0.720105381095554 0.7122990581875156 0.7013318203322176 0.687681905993751 0.6717697879205249 0.6541018260960528 0.6351221423166166 0.6153984826964438 0.5955542254254018 0.576180589494437 0.5578444957969865 0.5411198946488184 0.5262749141952321 0.5134938875672487 0.5027804068634535 0.4940514352804799 0.4872776211808674
0.5305227344608129 0.5190884603273599 0.5099348746169305 0.5033312552315123 0.49945223258750693 0.498348322232452 0.49996778259047403 0.5042746200924315 0.5110953873438904 0.520225402250164 0.531552654336468 0.5449217719816924 0.5601139689407633 0.5769017630145772 0.5952105448047611 0.6147621317404757 0.6349396384545719 0.6551421793808319 0.6748573613367399 0.6935403578120748 0.710679749762061 0.7257156842831423 0.7379831793977237 0.747100864943059 0.7528391904001646 0.7548759197447832 0.7531300242616346 0.7478021992743568 0.739280214048472 0.7279122526732628 0.7140617853164002 0.6982501861154202 0.6809320455646855 0.66270776224135 0.6442041759219325 0.6260869659396942 0.6088640386600412 0.5929504561899049 0.5787242117568776 0.5663950907482211 0.5559883408395142 0.5473990189829585 0.5404967035198048
0.536115129886426 0.5243956546004648 0.5150586957259549 0.5083564967901919 0.5043481534659922 0.5031134645693854 0.5046829298379683 0.5090857555187448 0.5161473116524106 0.5255306240125724 0.5370401165956034 0.5506237363913593 0.5661715575873606 0.5834632820434394 0.6024585696583593 0.6228824080142081 0.6440753317188836 0.6655343458761621 0.68679740978712 0.7073194054015031 0.7265669731328882 0.7439495951390747 0.7586903467847403 0.7703355718789412 0.7786088805638292 0.7831807729985153 0.7840050080404486 0.7813060598265399 0.7754264083471184 0.76662006754757 0.7551107757955117 0.7412895821156097 0.7256624462616779 0.7089795480180774 0.691919433161649 0.675145839458884 0.659107243620332 0.6441590771109784 0.6307083129849318 0.6189958404282274 0.6090631648778698 0.6007852248354255 0.593898109173962
0.5385018350509769 0.5266904576013818 0.5172559124352706 0.5104383848962126 0.506207091512113 0.5047610023221218 0.5062466550074594 0.5106887083553253 0.5179029288941333 0.5275418583641185 0.5393080713199757 0.5532069490205549 0.5691767203681133 0.5870152992041101 0.6066769147255836 0.6279624030924393 0.650272432563604 0.6730736488754014 0.6959017285583411 0.7182987356770749 0.7396937257770317 0.7594005412573933 0.7766403392299904 0.7908363899471689 0.8016078494802339 0.8086459287977882 0.8120309359988193 0.811947330873982 0.8087113330657446 0.8025594870319903 0.7936045835459876 0.7820103114486227 0.7682607431718003 0.7532909612721228 0.7378420523254557 0.7224662285505237 0.7076249634029061 0.6937140057560356 0.6811370400600574 0.6701280780664519 0.6607854008461185 0.6529538139869528 0.6462913092341509
0.5375965034686211 0.5258581292921907 0.5164205093908183 0.5095210818657526 0.5051921697132504 0.5036605379401528 0.5050772767518967 0.509487671597667 0.5167980164849372 0.5266178527252022 0.5386317062131761 0.5528586989737481 0.5692700480192929 0.5877212878467808 0.6081353055936832 0.6302843806389622 0.6536993786551483 0.6778438016098026 0.7022464315588338 0.726497509513735 0.7499346712903279 0.7718608480702225 0.7915054663020973 0.8081756770306442 0.8214087200601383 0.8308998762263432 0.8367548289712226 0.83920820078982 0.8385651328641698 0.8350069212217387 0.8286065653214603 0.8194166507097613 0.8078244437990281 0.794711438664003 0.7809309538370391 0.766971531931401 0.7533812695919873 0.7405812270160422 0.7289359577245991 0.7187405690013031 0.7101309428321112 0.7028659185676929 0.696657628431218
0.5334046956312026 0.5218164565153389 0.5124584857222816 0.5055597035295581 0.5012566253705159 0.4997292795605488 0.5011290968658662 0.5055305870629421 0.5128961000736564 0.5228593267449588 0.5351295774347199 0.5496703197397769 0.5665303625491652 0.5856511135958418 0.6068898161592289 0.6299483735921576 0.6544334343595906 0.6799033614168293 0.7058752273849997 0.7318682384496098 0.7572358602210849 0.781235805363981 0.8030755281116027 0.8220711527326339 0.8377468722557811 0.8497300968734853 0.8580199375380965 0.862925174914545 0.8647646399022157 0.8636744163239494 0.8596642007893143 0.8528364404083164 0.8435252345495786 0.8324067336997962 0.8203039319879271 0.8077946491811692 0.7954846638539109 0.7838779744775417 0.7733096716230272 0.7640641418676675 0.7561924679206775 0.7495400157030883 0.7438843785848617
0.526098734013293 0.5146971241046907 0.5054517847755234 0.4986034485788116 0.49436473095483263 0.4928735997518021 0.4942948678008209 0.4986872594152414 0.5060459690988053 0.5161545989574353 0.5287118357936431 0.5436389156726177 0.561022405223487 0.5807893324807799 0.6028027821754731 0.6268053372544015 0.6524092599721287 0.6792171415295343 0.7067208598811086 0.7344017923818524 0.7615928196412519 0.7875240644473394 0.8114046289587201 0.8325994793197378 0.8506354249056289 0.8650439091346417 0.8757669744160659 0.8830670768616679 0.8872326799458072 0.8884172488065711 0.8866683104916542 0.8820699648331867 0.874964941792683 0.8658645010902589 0.8554660780067815 0.8444047583992074 0.8333662598539251 0.8229868371410103 0.8136028421631176 0.805379942144887 0.7982520074136228 0.7922217539506781 0.7871672783827223
0.5158703230933521 0.5045938604047524 0.49537569081900446 0.4885372287809828 0.4844160320029737 0.4830663871935545 0.4845585021294569 0.4889403070670845 0.496252294056137 0.5064883307168756 0.5193635715238436 0.5347587524420518 0.5527248424279939 0.5731420087356938 0.595897686678977 0.6207838824498995 0.6475321794991228 0.6756830503110547 0.7046770290099458 0.7340326769452479 0.763000799290981 0.790781805002831 0.8166374551580402 0.8399208367487404 0.8601600858926264 0.8769354272980939 0.8900921678875071 0.89972604520059 0.9060698321424909 0.909339526176105 0.909691519043852 0.9071530022490276 0.9020273000420874 0.8947901049977394 0.886029751418984 0.8764058362371254 0.8666904004642263 0.8575607786551596 0.849339459198149 0.8420336371946888 0.8356759990984142 0.830301581082342 0.8258235134518471
0.5028177358177579 0.4915731484644722 0.48230323711551454 0.47548401929286443 0.47150990618974586 0.4703423503531825 0.4719630008301262 0.47642146085764847 0.4837856595250032 0.49410731918869916 0.5072714113002692 0.5231796073358633 0.5417300804638732 0.562780739421176 0.5862750081494958 0.6120748001796293 0.6399161784118059 0.6693248718575626 0.6997752887532724 0.73073954941001 0.761427400326528 0.7910019177175924 0.81877866377033 0.8441117027665112 0.8664156393380609 0.8854026273260863 0.900868389002625 0.9127628905343868 0.9212331005017638 0.9264752775402095 0.9286691681709338 0.9279682156960916 0.9246082208562703 0.9190689290770158 0.9119056201508113 0.9037329381138528 0.895350227616844 0.8873778747949868 0.8801340015839821 0.8736914462029066 0.8681068627392506 0.8633702346926514 0.8593599004751842
0.4870259254465087 0.47578771274935927 0.4665782415778769 0.4598681900519614 0.45599443380357174 0.45499175897154853 0.45681037520512324 0.46147211831621693 0.46903229328658647 0.47950871082527163 0.492903236916151 0.5092493472939174 0.5283665230172107 0.5500544645647164 0.5743049624848776 0.600981139033877 0.6297680800578097 0.6602872728831375 0.6920666328170231 0.7244697885371834 0.7567454280405251 0.7880849497579168 0.8177102364695057 0.8450053625163574 0.8693273898785631 0.8903552951846161 0.9079502263663186 0.9220207370200331 0.932601463040158 0.9397305744786291 0.9436222961051957 0.9445809099487148 0.9428892443345871 0.9389611836020426 0.9333228387756989 0.9265333147648347 0.9193811332582248 0.9124186225407547 0.9060334087929478 0.9003772848794162 0.8955069996489472 0.8913558337285177 0.8877188527174877
0.4688247109047652 0.457660205454118 0.44860087636769297 0.44206366544220155 0.43829946366659517 0.43745172052272796 0.43952953947345896 0.44445394403880817 0.4523053799008469 0.4630698947973707 0.4767372940634592 0.49341726769566585 0.5130282037986021 0.5353686188445154 0.5603536098923154 0.5877936156283969 0.6173668848925398 0.648760277266285 0.6815689895144554 0.715165427629874 0.7488584926627921 0.7818197623976408 0.8132282017647117 0.8423587816199971 0.8685781607479401 0.8915507430048457 0.9111873680569472 0.9273497467374965 0.9399860147225292 0.9490723539686174 0.9547335527032563 0.9573089414261047 0.9571921855280345 0.9547795754971593 0.9505217249198843 0.944995386811951 0.9388856949322097 0.932769619198025 0.9270955470969491 0.9220746322337579 0.9178328349165275 0.9142751343364972 0.9110933163779722
0.4486888573116745 0.43767887172859665 0.42871677404542974 0.422288938158361 0.4187170702822632 0.41806563498177796 0.42038953429564124 0.4256467192922725 0.43384552930229997 0.444954634198227 0.4589726789128426 0.47595184680989966 0.49598404824421194 0.5189219339162024 0.5445499421203479 0.572647716083332 0.6028972824016097 0.6349353765501011 0.6684357864735864 0.7029390255492262 0.7377472850618155 0.7720905674607492 0.8051331146639307 0.8360053247251997 0.8640457974517424 0.8889400617188994 0.9105898309007778 0.9287719337658153 0.943370599126272 0.9543935683073259 0.9618979273572952 0.9661350412899629 0.967555530174987 0.9665637456034754 0.963594389457249 0.9592245357404114 0.9539823012081703 0.9485271182850077 0.9433453258887575 0.9387864767579229 0.9350694862524994 0.9321034354154316 0.9294932839664296
