data/Simplextest.asc
ncols 100
nrows 100
xllcorner 0.0
yllcorner 0.0
cellsize 1
NODATA_value -9999 
[rows 38 to 56 of 100, columns 0 to 42 of 100]
0.5827324328032799 0.6370968450906674 0.7255178715800769 0.878101459678972 0.8372670250291375 0.8434407844548334 0.8470704544286116 0.8517474638238349 0.8474612439186925 0.8761635273824432 0.7928251903850696 0.6669777117818938 0.6790259188442022 0.5829613988353635 0.5621129680715999 0.4194798923325706 0.3838242518024202 0.45274706897258765 0.6099954799545362 0.43923107357161834 0.22162855545250942 0.07177900158587314 0.0 0.0 0.0 0.23841100886185773 0.42159788226395456 0.4833354123574809 0.4516810048222285 0.4877244584175694 0.7152140495283547 0.7308154896228103 0.7818604827061486 0.9578524396888445 0.7529455387291834 0.5741034522186583 0.5089484863440438 0.1956958864893822 0.0027682136724550555 0.0 0.024925634365376648 0.16825938284967756 0.18782305022528006
0.5900234461798664 0.6277261947258133 0.6641232607423383 0.6842578547665831 0.75029021025979 0.7442407811284127 0.8190832154179428 0.90995592895742 0.8287719645889425 0.9215026633775543 0.8527882778223348 0.6844558567750796 0.6126511524588455 0.4607916515869869 0.4430137658284683 0.4143772605384064 0.44604132385589096 0.47422838068068035 0.5448093710150228 0.3630683783022087 0.18541785313707043 0.0957085122639475 0.0 0.025332207493403702 0.20046196668681182 0.35504743766389 0.6202581338207788 0.6462338256269432 0.6481449937235654 0.6737828737149829 0.793258253308176 0.7497527675353514 0.8317236700858784 0.8815434986542112 0.6911544741339889 0.3775488165464109 0.23026169968203652 0.11006673746174145 0.0 0.0 0.0 0.0 0.0
0.7451993379114541 0.5161161668550351 0.5141357317552633 0.7269730498057895 0.6825651403942354 0.747057665675322 0.8574481852167637 0.892939907797012 0.9060688660702472 1.0 0.8847414043687474 0.6984760418634954 0.6089429526165095 0.35517420320648824 0.2569900548354038 0.2771520337705239 0.2823259900824765 0.39844889153440877 0.40010676174533943 0.3374802255146745 0.23177570574118217 0.10444941628120097 0.044310286066181814 0.20477591991584587 0.4115453877459625 0.5471292998424174 0.7468085520450958 0.7843441436236116 0.7890146398242074 0.748856796158727 0.8232395300958817 0.86052122196115 0.9687342285049351 0.7047377291176443 0.49142152379282017 0.252968496780305 0.09578547958988515 0.10976872357677264 0.0 0.0 0.0 0.0 0.0
0.8090752063682337 0.6911344732216893 0.5192053695532546 0.6926976229183451 0.6663457706153304 0.708089197642672 0.7976834726362118 0.961724357604829 0.9435463654195427 1.0 1.0 0.8750333918396669 0.7134215990600321 0.38376698575089996 0.34189745717343256 0.22520873179097917 0.19692562994006663 0.23453634904972165 0.27685291579720883 0.27617033990783 0.36808902989308545 0.2342547357504906 0.16062777986021726 0.2981956391970545 0.5838219535294515 0.7438287490846337 0.9832123965013034 0.9682723059588665 0.9017633039960498 0.8614801965164223 0.965960624515022 0.961584026851233 0.9144006609007989 0.6490215472156688 0.32355889297166274 0.16351748453306353 0.10033300467059558 0.050726698478565146 0.06322888176948555 0.16911787297062342 0.08008092309523962 0.0 0.0
0.8659408357269276 0.7391545085233073 0.7021919341089025 0.6226574694340125 0.6031265573552782 0.7087479742713556 0.8608790405696312 1.0 0.9214371002761663 0.8516349497395709 0.9427497471393301 0.84977585643124 0.6596689883428194 0.43439219460658507 0.2673671325578384 0.15467714931848253 0.16690121850223494 0.20746266843334266 0.21770056690254658 0.19589310311616343 0.38664117725746894 0.2993708293074314 0.4138444127887861 0.5108415315224456 0.7113170914801326 0.9581884094171129 1.0 1.0 0.892523122337834 0.694746397809126 0.8027610192322361 0.8182825618083407 0.7873864825330592 0.6180890783002593 0.41086769276586993 0.3300688046718019 0.12209348759698568 0.057677606608058374 0.04665876441565453 0.24681899097667775 0.25877484071160034 0.21088624421753266 0.02677014864239924
0.7499231815667793 0.736082793328671 0.8687251285980608 0.6566419915131353 0.6114283845889934 0.6976185680420097 0.9502926831687829 0.9764257553211557 0.9959185304068381 0.9415071912475385 0.8695040149468425 0.7587137178813804 0.5110924238342693 0.36484800712653753 0.21689349108186895 0.10851488724158342 0.0 0.07086829038141018 0.1776773532863805 0.21351000506731488 0.35638782636622046 0.44594666178312137 0.5575614658311621 0.700988574056867 0.8944311108647169 0.9854953449481949 1.0 0.9372104881523877 0.8380052304057104 0.687947634257625 0.6819370874209684 0.701848349536432 0.737929160947506 0.6421251611153174 0.529147529827375 0.42369373561815127 0.1877199173826526 0.0 0.05639965959200943 0.19683794124651433 0.3221030410211253 0.3309543974717351 0.13517040034239253
0.6725495759685041 0.6174069952799905 0.7748644402949383 0.784564695948148 0.6931121984547798 0.7110731122504523 0.8416225248552375 0.9566398045104492 0.9749237752699402 0.9961444966626919 0.8546713628679978 0.6006934695824984 0.38852171569457017 0.2726482258379145 0.16138603455212785 0.0905999651442328 0.0891296991857412 0.08154410308530746 0.15718032391276676 0.2607259387948587 0.44959654873442373 0.4808021610742144 0.693212360511728 0.8589166091221163 1.0 0.986159282654639 0.8885777612924717 0.8370665300592676 0.8192163321575254 0.8247798905308585 0.8092147396470966 0.6651911036881926 0.713450663152474 0.7328997948595123 0.6028124174075364 0.42844101784615646 0.22424183093741146 0.21124349418418809 0.15870686921812804 0.21225968541987494 0.3906086135608536 0.29406254760476047 0.21548876543567141
0.5918975136653928 0.5343754562559847 0.5534711684987743 0.666897192490709 0.6239870880730105 0.7493174221721344 0.8831977770833048 0.9442791284134937 0.9558191703760439 0.9123601244613537 0.7612063025513891 0.47294375275762646 0.27444595882848155 0.2150042472270135 0.13931312976607818 0.14645908525599693 0.26901705860423214 0.21900537408601045 0.21326093264076756 0.34237784210707833 0.549261422934878 0.6079732691350805 0.7618095558083728 0.9462929778346287 1.0 0.9394705669290533 0.9083367924883775 0.8433173340185387 0.8299076753729646 0.8949670684263655 0.9129861993677036 0.6735116416625141 0.6148735903460811 0.6727762499090044 0.6970228176454839 0.5002221085354646 0.44295490531839143 0.43821070119018246 0.250622825903319 0.22330655724813442 0.2169596597593213 0.10314423805526146 0.10089299472829188
0.4580017420708904 0.5382844941072016 0.6062254934468431 0.5966347122529558 0.7476752179322009 0.8842910628666344 0.9653896251978569 1.0 0.9788748677848059 0.8820234432347603 0.7253338166767943 0.5301932036598931 0.2579178024560208 0.18431935358871315 0.16278415322366935 0.20657045761609072 0.42146177996227896 0.3920106448124836 0.3450996013619123 0.4799091007835883 0.48467812304889485 0.5504820071784484 0.6760914297345408 0.8697858872311968 0.9534532460529688 0.9269026475199306 0.8702635759967792 0.849648846354284 0.8849083201214729 0.8902931125485558 0.9427203683130703 0.8631898122055549 0.7483361980516468 0.6717201794987142 0.7033855882553786 0.4449281267409145 0.4132329528701935 0.42432079616706275 0.1985873235917744 0.2176419706074062 0.11363370496081637 0.07343088813128906 0.03450608496032437
0.5172494975854544 0.6121997122258866 0.6942147708394225 0.6827113281873629 0.7890119347666686 0.880452713554629 0.8700928965646471 0.8707378260308041 0.9416037322400357 0.9299529620693716 0.8245776409288413 0.6398976903047844 0.3395983063097877 0.2322282346698738 0.0911744772380505 0.2551062700942872 0.4248238144099096 0.5508360437824108 0.6332022157225718 0.6312349585731877 0.4139876148586353 0.4090789585525486 0.4873179320338158 0.6889596756004326 0.7527636177786874 0.7816043998111759 0.7598522820399706 0.9263080931272057 1.0 0.9799600317217295 0.939050547044618 0.7897217544482515 0.6670031196118611 0.6519075020578129 0.5942239128966391 0.3637281384544455 0.41860448726934546 0.3917316519431058 0.31538018139775686 0.341534498167035 0.2573237793961546 0.06130706291448268 0.13511397889376764
0.59492972008315 0.6316149953788373 0.6941264895827755 0.7344196529509732 0.7731799301527087 0.7813278877550404 0.7588791831372081 0.6341581583546617 0.7969353009764246 0.7695882000348904 0.7694837579769037 0.6744405852007204 0.45605194134875093 0.3132607503140279 0.12205127235259211 0.13491433231131522 0.2963970293813377 0.42496958239699384 0.556403736889233 0.5863554091533044 0.39283068920222897 0.3967300366047003 0.44335523923871656 0.49581500971295617 0.5972545998813743 0.6142495955873726 0.6170306039450508 0.8035424624474345 0.8689804754495306 0.8450828677752753 0.809129475130096 0.6374347019523059 0.5464197870817769 0.5159735506275779 0.46568926280411016 0.4220454400538276 0.5126238101740158 0.3870574941761547 0.43079409393505785 0.33182528362276476 0.1511096032664062 0.033939609301063545 0.1964854311877945
0.5652385678089837 0.5614290693399012 0.6133840551206595 0.6007435764653952 0.6234462210285441 0.6885903458502367 0.7136364824999197 0.4934398488384184 0.5216214175273637 0.6711881160524494 0.6047355412498898 0.5538322444107672 0.5377699994384061 0.3192159429331918 0.187702307721463 0.06378918371130193 0.0643897087151436 0.16080523364292493 0.41804450164136897 0.5142544503211933 0.4061860744442248 0.5191099608509551 0.5079082874235473 0.5668136702048681 0.6715298212397515 0.64188459128353 0.6012239542097472 0.6461230777762057 0.6082662918038833 0.6586348030199433 0.7712874687471416 0.6554346050345135 0.5340112473535 0.4391613215658019 0.4718990588268096 0.4666204153751672 0.38472240174022354 0.30589639128463025 0.3198227843908803 0.22699048509653985 0.1842516477352768 0.1663764967176673 0.317405517054288
0.6532359452523955 0.6016626864078867 0.5315066091058103 0.5284470830836541 0.5079512013107014 0.5659058815095265 0.4413862453236723 0.49580904579509677 0.44323595795375237 0.4342324072759203 0.438865621060141 0.3480490834974429 0.4570538682878973 0.3956956581310167 0.2687311954336099 0.08823812860239044 0.08416047870838139 0.1818949423106117 0.45515119523566216 0.4743844053588877 0.493482482266209 0.5549373069448138 0.6056824727411279 0.6044827728482353 0.7454752576523864 0.7215764827898753 0.6413715315748341 0.624975097198188 0.7228234486595805 0.7725519984030658 0.7482186144784337 0.6833481565318082 0.5724157442559081 0.5033608446103179 0.5842667935992463 0.47032646069537953 0.37948148848656627 0.2316954316611854 0.3371258141581673 0.3757360386276265 0.340205740602643 0.3309704228251747 0.3791193131042513
0.5530852835444604 0.4936631317988339 0.41070880083279165 0.40523328090114996 0.5286809644021305 0.4569362843601795 0.367314622706931 0.27146794392547247 0.3458880290103698 0.2698302383225006 0.26996901934935014 0.2753111297335797 0.37397253004124026 0.4079100021432146 0.21285119392486218 0.17679325711061872 0.1726570867867559 0.2113125436804647 0.29535952294434414 0.4309761111893654 0.5574943026998822 0.5911435701310012 0.6346765502103409 0.6248296654259008 0.7158326656630631 0.7572784981310383 0.7777637418810688 0.7698485946345512 0.9148534089809774 0.8453705499668454 0.7345357169225022 0.6069771930575754 0.5772908347778538 0.6047389289177263 0.5733274296282581 0.4540069627215006 0.5091805682503481 0.4519065933101942 0.35924448586424707 0.3365830439569314 0.2805522325364017 0.3003023542226134 0.29055462132833454
0.5897118004861868 0.3800863508540365 0.29299078738917905 0.2041235125926366 0.4285739615076387 0.42519757781855405 0.27399083258830603 0.16443829147689332 0.17808388472799896 0.12256297496948132 0.1205819724807431 0.3579753330125668 0.4203062460458444 0.3963244765895907 0.27433196170720525 0.12715450862895722 0.08125347811924694 0.15143402166371522 0.28472250758293793 0.39934415159219994 0.6404617174667291 0.7104658099369148 0.6924024811910681 0.623052629619474 0.760471994526819 0.8955414095718917 0.8203315331590969 0.8958454410125598 0.9411073771818883 0.849964859894162 0.7511666392393765 0.5639967460568516 0.5134700873851287 0.5230924603456673 0.5131152844485489 0.342878381233849 0.470620244696794 0.4714925974853041 0.36326565294748003 0.3180613099771995 0.36380945962681366 0.3835872374896551 0.3673089076271018
0.5479896335966788 0.30370304036532203 0.18675409352788197 0.2435962640611517 0.19849913626026067 0.3445259628674141 0.3119252370114779 0.11236399375065681 0.2095830297338045 0.2097670855274934 0.1637651211679772 0.4462247865564088 0.5601239135260256 0.5753057040619503 0.4280698853260059 0.2299910907948879 0.09172568412677112 0.04524743775474305 0.281433396754206 0.42087098521557537 0.46013069553082775 0.5109823390486322 0.5416763708586118 0.6444259387510065 0.8387751155683177 0.9431185058110603 0.9189090358228825 0.9052344314671474 0.9364677311592866 0.7678071509937138 0.7415764792691297 0.5985906013634825 0.4376583731114768 0.4725242798522662 0.5656671245049921 0.3602049429537728 0.496564358194714 0.5497348220154169 0.4151918178148287 0.28773395479611436 0.306428451113963 0.4095959518905861 0.41558582680860806
0.439625641826313 0.39120964888407006 0.3098235081724875 0.2927402660615435 0.19715114039603987 0.24092715767681733 0.07447254259716657 0.0 0.23651046699725953 0.3191614243847146 0.4344080497950687 0.6055230609048934 0.7425349994791033 0.6686762542543889 0.4565192663036063 0.33632060215143506 0.1008350707700999 0.03312210288898215 0.18763313686947664 0.4577024983745269 0.3150556119601695 0.32899500037599205 0.3949775454246822 0.6112986130029242 0.7933727643108751 0.819641068806196 0.8442853818720599 0.8630533016300935 0.8032051032027624 0.6904886023135611 0.6571206858642951 0.5481582421199624 0.5187320442693706 0.4956646199226258 0.6060750241992133 0.5158930761520194 0.4876650102499257 0.5062532669500335 0.31836795202616264 0.1400670133165577 0.24574061700108502 0.3462840674130435 0.420951157450445
0.38466952617903416 0.3846078726695111 0.31576383901284855 0.2216126094879869 0.12063389467066638 0.08627351152821922 0.0 0.0 0.23769254659638545 0.523480624679229 0.5875275353190853 0.7676488390348335 0.8817096485871406 0.8164336600646929 0.5763186270828033 0.4031059419751417 0.24693247898512488 0.0467170940959003 0.15815190288835035 0.28622190825267596 0.20616064944792722 0.2961435318772835 0.427221237402933 0.6344712912054844 0.8142932928697306 0.8634957459583883 0.8858694989925977 0.8654653272797916 0.7643734421910277 0.6112036451352612 0.5353113689267746 0.5965211138139052 0.5872006436364628 0.5807835799590413 0.6853397797305472 0.5562348277618459 0.3609627736201218 0.279634050446786 0.13968875921677398 0.0 0.10370624357851893 0.22696433640643376 0.4790045400463674
0.3171930034445133 0.3064563357088986 0.28516579409683696 0.2038938358162795 0.16294516944465076 0.1076388936863022 0.05827037116366229 0.11105277626597188 0.3184066565516865 0.7183855279414522 0.832304880107977 0.881293031715906 0.9557359847560352 0.9246628215645284 0.689038221237178 0.5163590105122619 0.2540301793549183 0.10129929062715737 0.09625238771669475 0.3270602048905359 0.27513827087120213 0.2537718536078459 0.43235818650676255 0.6289893981380921 0.7329741083176191 0.8056433466746498 0.8041929373469008 0.7528052724661864 0.695579964747265 0.6986117059383519 0.635343774654938 0.7496501245449243 0.7504233578218994 0.7426732479628706 0.8182413429856175 0.5906609889202272 0.3736374939583549 0.137415696754145 0.05026582697882287 0.07671701876831039 0.19072537891282204 0.1696528188914932 0.4672819440531245
