data/Simplextest.asc
ncols 100
nrows 100
xllcorner 0.0
yllcorner 0.0
cellsize 1
NODATA_value -9999 
[rows 38 to 56 of 100, columns 43 to 85 of 100]
0.20479114257613723 0.24810042672813204 0.32847436203363967 0.34299505811751724 0.4891462470830281 0.5618803667529688 0.6835932182800921 0.7660278645395523 0.8026080440080885 0.8240117976245023 0.924768534522252 0.7058185139876559 0.39779244391941004 0.3470596575991117 0.3771195497918049 0.33748396389917323 0.4281102617663341 0.3847780982558203 0.29985636225920553 0.28628474278381255 0.13105809977025118 0.09399115518753764 0.13365847953215637 0.17042338103483268 0.19147719610928576 0.22455369124714386 0.26355887561492636 0.3940406783421829 0.46704449779488394 0.546118717403494 0.5864335405314507 0.6906648840610263 0.5430198615490637 0.5554235257744018 0.5920750531964476 0.7045912313984704 0.7441835586870942 0.6955986026382504 0.6600279590401354 0.516383708569189 0.4548639782221192 0.5385583406338121 0.6135833576401014
0.009124727166641033 0.07768972564092624 0.13914716418195572 0.20085537334570575 0.3410921755930934 0.46586517619838386 0.7493081458778597 0.9635156936666462 0.9005507825362741 0.8342876865449965 0.8677748323125738 0.5801350413618958 0.4136014970077845 0.32320240898329033 0.3723165287902356 0.27659846946269306 0.29612766229594917 0.3024622021635883 0.3035276917308981 0.2941467906530118 0.15375473545293766 0.04757755828771931 0.04932050097287466 0.10709012867755074 0.08443805424181827 0.10926010802470099 0.23737933187109883 0.5421376227816659 0.5635393585903506 0.47865113045538404 0.5475132203304878 0.6938078359125515 0.5493244665694575 0.5249470440916382 0.5192374458872806 0.5601652822726133 0.6085479981682538 0.6305500846119736 0.6704355791370666 0.6284944600983919 0.6579376758445858 0.6538864228011326 0.7147221100352894
0.0 0.0 0.04705777640406794 0.20239541228878266 0.34747213206495176 0.6230904560348473 0.7282797317899266 0.9010971037794671 0.9557172593253453 0.8344475059687186 0.7271350192904784 0.6036411468729918 0.5348020172193942 0.4406962019953508 0.36276340961776044 0.193098297247368 0.002187079160425265 0.07005748003756618 0.0872820550767478 0.14107182184644862 0.18106983420997047 0.1314733619719281 0.0 0.0 0.0 0.09612906830028345 0.3650052646160468 0.5030418477153352 0.4983079241537385 0.40806910204064595 0.5184580913880503 0.6433268840516722 0.6828954440793861 0.495608773091153 0.49104863790587105 0.5085477218840143 0.6104690798424978 0.640260302392099 0.6943436342434919 0.7833834989658474 0.9222432827436051 0.9626795937428154 0.9401189347894727
0.0 0.0 0.1377114107127625 0.33016930136000555 0.4462093202462555 0.6264315260898378 0.7604679140894264 0.8050382918789001 0.8366456168387031 0.6739351442947669 0.6612444914770355 0.68413448583608 0.5782052008601368 0.5305240660613753 0.4669825280775697 0.2717173641021568 0.0 0.0 0.0 0.05674203950818679 0.19998881854724693 0.2462093218318726 0.10101708019746564 0.0 0.0 0.13687245972798145 0.3425237146611055 0.4692008650905571 0.5136787140069619 0.4946797866283753 0.6192446333536283 0.6727790257421564 0.7361460176158485 0.5895374074183115 0.6159482837368561 0.5969171169799798 0.6737675557598057 0.5948925328099028 0.6750992854720077 0.8229140108393262 0.9208315551804138 1.0 1.0
0.0 0.0 0.13906716131973612 0.22896815741780036 0.31761880867466585 0.4804457263861641 0.6612814576247503 0.7087902223790548 0.6649644839777085 0.64831699911909 0.6283360744971118 0.6759606194608123 0.7262769345362886 0.7719936116602825 0.6744706538023606 0.3344439135202598 0.22533417767729813 0.11621189896382761 0.10717088361944754 0.12804055689502813 0.24012979077124103 0.34113131037134314 0.26427993192627436 0.0982313819630995 0.13296414275744284 0.24625245544186614 0.23848205231630737 0.3502180671675128 0.49208016782979175 0.5255077737799692 0.4216092037652588 0.5043779021703577 0.5632631332374636 0.6298504681545255 0.6173276543784837 0.6192064737067563 0.6526951210754266 0.5312352158358511 0.5215885369401649 0.6762037817965809 0.9076983315964835 0.993079070223629 0.8723280820550459
0.0 0.0 0.12832997612570324 0.22863969944456347 0.32744742458059006 0.3517844235275289 0.4738812034196164 0.4979720570075757 0.5659720816214089 0.6398029015334897 0.7137594104879162 0.7712130630141754 0.8618818545180955 0.9990119157467583 0.9259834684457723 0.7153395935490519 0.5176566663625002 0.3649875808759001 0.18323018546666003 0.17877487293886418 0.22674852281812735 0.31793709300436623 0.3936341594084851 0.21170542109324386 0.2431435440097623 0.3225015801161456 0.2624223730802506 0.2198065099812036 0.3436908388511897 0.4486679213757659 0.351719186246975 0.3686033094711686 0.48317590186719794 0.5800872656439553 0.5976457810277975 0.610522066726278 0.5613833715495634 0.447583337551612 0.41508489124333076 0.5310346823397677 0.7390905686969743 0.7911833170319091 0.7778552708598949
0.09545006790897437 0.16386576840575512 0.3297250620506437 0.3245990596952335 0.4461465481360124 0.48338585424746594 0.568133588569543 0.6031478263615125 0.6767757394716545 0.7802307869971004 0.8011348075567463 0.838770497655978 0.8346648853591442 1.0 1.0 0.9323980973569698 0.8315623634412944 0.5481877338011576 0.44594481431704236 0.3473096408573605 0.26406040747101833 0.24009284449658863 0.4346252589572287 0.42727168733783905 0.379652936985308 0.45251256737026563 0.2787617144566432 0.2670212537103522 0.31404777270146145 0.34245002237941674 0.3323290659043642 0.39508896866995635 0.4733932303625221 0.49972084798167576 0.5861534046671758 0.5146968687516096 0.4479526081584697 0.3157132759297695 0.44302298054866024 0.5116196015949978 0.7130227143995117 0.74872280377278 0.8082667207549052
0.15304945222036054 0.3566325486702786 0.33963497213804217 0.2579924869427246 0.36490725549562675 0.5103159910069209 0.6226280096215999 0.7279911984045777 0.8041363907219532 0.8790974416675591 0.8763027600731358 0.885378751391072 0.8822768983727058 0.9929515479432945 1.0 0.9363178210933873 0.80230108887434 0.5970185654865454 0.47162936618317636 0.35721959560496913 0.25066040922581273 0.3735440414376552 0.478925079446161 0.5802536952141177 0.5844572771722656 0.6567249027619335 0.47854567238757045 0.3537720941916326 0.35774138704008546 0.38200677184333576 0.39156342663136734 0.38216204903032913 0.4098450871352159 0.3939214564080213 0.6032831993827499 0.6316563218767004 0.44485686367582766 0.4587076697743442 0.41810530149005876 0.5355578453368618 0.6548716285517415 0.7758202100973002 0.8323132662509316
0.14425907097102547 0.3668951668284718 0.37349120837350264 0.44074595021431834 0.5481210480696321 0.6016193590860253 0.6471028141633828 0.7588185093351509 0.9322492367850079 0.9982794824340946 0.958638989938937 1.0 1.0 1.0 1.0 1.0 0.7965384017164732 0.6711363203649214 0.45172948210039393 0.40951938947971833 0.3916869705228745 0.4314561705205956 0.5409956450390894 0.7089411941432885 0.6865571326612891 0.7650802026844973 0.8004375080401509 0.734426367191477 0.5422514836350715 0.5542478180585306 0.5076892983658797 0.503146385237917 0.4956576419029276 0.4274495412134951 0.5565307084166881 0.6208685523947405 0.45501917888017773 0.4407721572904101 0.5608629346362835 0.6739002552050029 0.7359011856868056 0.7744431234923114 0.8910560949673201
0.2590297837332617 0.4388803573594866 0.5343538855668268 0.708661048138285 0.7149861694512223 0.7063111858343023 0.7344055969924073 0.8719033152318605 0.9304612546967385 1.0 1.0 0.8963604862793638 0.9715830270268304 0.9390204212778666 1.0 1.0 0.8545011429819966 0.6807437911497093 0.5859968908523068 0.6480947837758639 0.6055372180689507 0.4954679461514833 0.6312041712899865 0.8114006581867287 0.7975807563148021 0.9478174385971689 1.0 0.931391770225794 0.7613592134681219 0.6919020548814456 0.5734067056032357 0.49813360755425595 0.415630016580431 0.3120353943581381 0.3057232789079219 0.37093618904148046 0.32101637325158416 0.5152014750087903 0.6317535308741711 0.5973738281990189 0.7005737497604226 0.7459165165574946 0.7827721139053466
0.3891070853334309 0.5232710032174486 0.6710893547441874 0.7287564205919846 0.862168788892042 0.9215090879793222 0.9158499039490232 1.0 0.9945172833222783 1.0 0.9807634911087277 0.832421806224055 0.8606840755651555 0.8020994055287787 0.8280246364659993 0.8936183388028851 0.9330997121413421 0.844641584335757 0.6857281043150009 0.7416151563772444 0.7678363600668681 0.6621709874059465 0.7394240024595833 0.8961092802340068 0.8472684684843108 0.9070787107922931 1.0 0.9390703526855751 0.8197522853646888 0.7133641183236972 0.6561662890327911 0.449727108687371 0.2536531599258179 0.10216083080046279 0.22039273010628907 0.3237708178656294 0.39759037854899487 0.5912775871075319 0.5636082245002563 0.613349861157424 0.7178557068199196 0.6534464784231275 0.6331243539978036
0.43824529070518803 0.5841055036603817 0.7014787532317034 0.6705227216909948 0.8508310053252006 1.0 1.0 1.0 1.0 0.9441878013086317 0.894368725005779 0.7999696722363868 0.7875088467607027 0.7180921569284843 0.8094083002143692 0.9071685365156563 0.9049983928338603 0.8965158787122128 0.857185213389699 0.7632134557175718 0.798309827344489 0.8843884001522933 0.953622140883432 0.7949007638711157 0.6871569578017804 0.7263775519906703 0.7839975848743237 0.8894595627843044 0.7751559861139509 0.7171337834292678 0.6285107829292085 0.40550588959738554 0.21645453420459942 0.005327641534205618 0.11440529659875154 0.3340735665071262 0.465399272851711 0.4901717042334294 0.40920550755745766 0.5344092030948255 0.6260560711086509 0.6744758638817944 0.6737144908119495
0.4162225399023405 0.5718746248327814 0.6555515151076142 0.6253304495926015 0.9044822255753204 1.0 1.0 1.0 0.9709685031144146 0.8388326553766491 0.7059879725209531 0.7521618656448806 0.8015884626619885 0.7898452543733415 0.8503923992011619 0.9275304791219243 0.9049677796238624 0.7683384365424639 0.6997155542616714 0.6751214933422197 0.6807837764213025 0.7774759677478128 0.7731879053693533 0.6495810265950055 0.5151844396999798 0.5405004732366376 0.5925094383306979 0.68560445362223 0.6835099085568003 0.8290522902126185 0.6086211653807658 0.39983849324165344 0.18050339940231808 0.030311416414487646 0.09766703603758387 0.3241152271102742 0.45891458061243773 0.4251488749414711 0.3923647298029163 0.5370340650582164 0.6971978848072364 0.7782318831558266 0.5595721483583106
0.41576254087160536 0.4711265453621034 0.6291767036428126 0.6743776783098285 0.9283367534677809 1.0 1.0 1.0 0.9936185998281563 0.8722217209360952 0.6775313366644902 0.7085381117992031 0.7582213796487468 0.8595876133898535 0.8606993380284829 0.7214916484056509 0.7207969038074152 0.6093322336587202 0.49881652354962275 0.47578868622985093 0.46631602064797717 0.5322277266230193 0.6238664102231508 0.48665794487713687 0.5243547007570595 0.5863420083378823 0.47525642176826344 0.42378987122037703 0.6557234003156339 0.7894650487445354 0.7019177376521619 0.5648513273586583 0.29313529688219325 0.08041327782970953 0.05061814991195235 0.29106836024446314 0.43391069299208596 0.4682738079708047 0.41789312486543373 0.5391613591551665 0.6678620810126547 0.7668328940805815 0.5269220258573061
0.425075218347171 0.5118449482842028 0.6685088590177064 0.7855891559387588 0.7438322345214309 0.8507608721853629 0.9689425348820838 0.96190011365124 0.8705899522399897 0.7271347649820039 0.670871912600024 0.8858628547959534 0.8403281329195798 0.8472656604598741 0.7963048895536211 0.631596196755505 0.4228174682236354 0.33181441171878734 0.3270390696099217 0.32359541669592545 0.34499628835730406 0.5031977055367055 0.5697424180290894 0.5198728640506521 0.6029349635520029 0.522604950770665 0.4891934133659102 0.41894802644374846 0.5044468059175523 0.669430141265267 0.576689937527647 0.4123449990953714 0.30554954965709 0.19111335233988835 0.09192860409561998 0.27634988300204266 0.5092488409104722 0.49304640383021064 0.4941279640267971 0.5676254575320085 0.6399659095438366 0.7166083535658991 0.4705224991894579
0.5012375310296073 0.6874768080141891 0.8207714194938517 0.8214744605333691 0.7159417344077872 0.834605664604918 0.7879056841179259 0.8421786389010529 0.7892471280637445 0.7044049957532619 0.8318433650567019 0.9868849520176991 0.8609835335255978 0.7810757960748886 0.7219022596753294 0.5924727223213064 0.39583274661639567 0.255266892268347 0.28061474607264164 0.18793276396234027 0.21745408213520745 0.3403409523168614 0.4299556982218842 0.4553543302899173 0.5711512309202909 0.49981778263734183 0.43399118415819044 0.47900911185574946 0.4414882769024932 0.5001435940967983 0.522422522006266 0.40149049899344547 0.36490577992296647 0.345944138944997 0.3471506218116138 0.33344643259388795 0.5110081175255369 0.5676667299525848 0.6986741064823306 0.7878700551643446 0.7605046308500278 0.621123922866652 0.5054438814186396
0.5640617810371891 0.714707433259249 0.759127768086457 0.7595359014634199 0.7929989941392865 0.8857579969620417 0.973158419211005 0.9115863022616117 0.8883384946011874 0.8196011933318761 1.0 1.0 0.7759899449182694 0.701729904645256 0.5915830209862504 0.5718124304252301 0.3368539713204813 0.3227818421245657 0.4336604686538914 0.37961631823815345 0.3042634218969891 0.26929155610370586 0.2446707930606432 0.3597206795344605 0.501133346120149 0.43246916327190765 0.32567791733802764 0.38095377762031246 0.3747882182576769 0.4584460575201583 0.5452170064306359 0.5176749939164437 0.5564509809563045 0.5370929918628465 0.44538244906790797 0.4542538341173645 0.6145985249565409 0.7145486915524231 0.8077867160203892 0.777107850739011 0.7076918065319573 0.6228788411465311 0.5010112242069351
0.5931267420429531 0.7028379904196048 0.7532802346024803 0.8183160314207726 0.9439879046032478 0.9774726974167463 1.0 1.0 1.0 0.9744579604419388 0.880197774043707 0.7570501381546628 0.5884664434826544 0.597692610377204 0.46371529960363644 0.3649173327189124 0.10700437992628803 0.2342119148727601 0.3996135086171868 0.4330499892853159 0.3295976830178679 0.2967562499864007 0.2739517496400431 0.20461074551629227 0.3083812832174374 0.4730645594979858 0.2600510434084363 0.15414116757974766 0.2182515122888189 0.4286654193447491 0.623337906380868 0.65714808094151 0.7403031083344427 0.5839578026057238 0.5084658672791293 0.5309115144243179 0.6208918284055391 0.7839717154559872 0.7355991802323018 0.6108297095179891 0.6322108470248395 0.6453778378087152 0.5900105266511207
0.7748654496302021 0.8526163148008278 0.8848015157467899 0.8851259419133846 0.9470153252145749 0.9723734060745648 0.9162529295215587 0.8678329137219492 0.8767027571586438 0.8670857469304624 0.6651966539556532 0.5370629767171649 0.38666985230645057 0.40274695931752125 0.18977445891344058 0.11000294915688968 0.09858635398942811 0.2569976950592546 0.308998514370905 0.39778538003649794 0.2803430301610713 0.2740719708144132 0.3379722007514487 0.21329658088662545 0.1728164934923434 0.3571770644431108 0.2066812126080197 0.11928393558567452 0.15715667332121375 0.3827890664650914 0.6435230242005534 0.7563893473139266 0.8895861485029917 0.6716765721916755 0.5548487026740463 0.5913287640559701 0.6393190219232509 0.7877097252449949 0.7533952716226578 0.6599959068066186 0.7109973047893818 0.6206024074987878 0.4127792672500441
