data/Simplextest.asc
ncols 150
nrows 100
xllcorner 0.0
yllcorner 0.0
cellsize 1
NODATA_value -9999 
[rows 38 to 56 of 100, columns 86 to 128 of 150]
0.6213097883605605 0.6258463884569704 0.6299355892647271 0.6336120263474683 0.6369399144521258 0.6400051246644416 0.6428842588586141 0.6456573502016274 0.6483933444243929 0.6511496757189073 0.6539903472036042 0.6569780407694674 0.6601541360018994 0.66355378159456 0.6672001188064364 0.6710937385144902 0.6752469893126636 0.679667001288808 0.6843281855805019 0.6891878126470208 0.6941853456576708 0.6992686767276894 0.7043747348685664 0.7094449634777722 0.7144380637666102 0.7193337542539886 0.7241045549329538 0.7286900519862396 0.733047204854394 0.7371476287214346 0.7409913772291801 0.7446024637120789 0.7479802636374349 0.7511228680659368 0.7540242270434477 0.7566814237766611 0.7591055017890331 0.7613086572495182 0.7632759864027189 0.7649638631499034 0.7663191006780373 0.7672919431640655 0.7678591297368507
0.6266366226862599 0.6314847787779226 0.6358906222494666 0.63987874265178 0.6435135345865339 0.646874667223267 0.6500509668763308 0.6531208584545233 0.6561489323683936 0.6591889240797666 0.6623046950433209 0.6655622743761186 0.6690034480974215 0.6726602262367465 0.6765533455887286 0.680679837071205 0.6850448046423052 0.6896508619665755 0.694482920725456 0.6994978591272344 0.7046362485091294 0.7098396024341269 0.7150350552703499 0.7201699541640582 0.725220733293539 0.7301667512319604 0.7349656517850591 0.7395526721452478 0.7438834709996711 0.7479196086114619 0.7516624186169686 0.7551513314928715 0.7583978393517908 0.761394785470825 0.7641413394714637 0.7666436576087312 0.7689067180586489 0.7709385397064441 0.7727279466418762 0.7742431184803482 0.7754440692671538 0.7762852370440732 0.7767492897148922
0.6318143341293693 0.636964134160978 0.6416800845060561 0.6459828532636475 0.6499315578723018 0.6536001280586502 0.6570753040013633 0.6604308357043758 0.6637362314374619 0.6670514925981812 0.6704359465711067 0.6739549499414571 0.6776564940480079 0.6815687477458088 0.6857102948857096 0.6900796424914818 0.6946732107153352 0.6994843471852441 0.7044968344112426 0.7096725459111968 0.7149541917532729 0.7202768451469977 0.7255672775821392 0.7307668277325242 0.7358594819779427 0.7408318519332607 0.7456345565051885 0.7502123048976234 0.7545128257322191 0.7584959287131022 0.7621610246022388 0.7655473264235467 0.7686708435481218 0.7715334371172464 0.7741414363621785 0.7765101348166346 0.7786338753492914 0.7805134766929439 0.78213648833082 0.7834850853933639 0.7845359071653277 0.7852520424629715 0.7856197817085253
0.6368906332558113 0.6423374753790563 0.6473569052588195 0.6519756870646275 0.6562430295874466 0.6602228349347081 0.6639882256287184 0.6676202355508776 0.6711939049700453 0.6747738442059842 0.6784215599241993 0.6822049928887409 0.686165325669094 0.6903229150175888 0.6946993710426688 0.6993030216517484 0.704123933132943 0.7091415248359662 0.7143346420221836 0.7196692089170285 0.7250936779496642 0.730538049615891 0.735925340246219 0.7411879272475199 0.7463125506778667 0.7512915555623125 0.7560812601939704 0.7606331250285968 0.7648959850471291 0.7688356732536281 0.7724484737552315 0.775755630379545 0.7787724403178007 0.7815172824233664 0.7840062934708242 0.7862479399771094 0.7882382814106281 0.7899738040520345 0.7914466003757292 0.7926432823423434 0.793552654290059 0.794154611009128 0.79444466279241
0.64189974580089 0.6476417852600065 0.6529664006650338 0.6579006110567153 0.6624861420001954 0.6667705424111736 0.6708194354723478 0.6747194952119286 0.6785541968522945 0.6823946027904424 0.686306222342322 0.6903502037529968 0.6945610849660198 0.6989556994349311 0.7035563365686115 0.7083788695018854 0.7134092657490334 0.7186157811478745 0.7239786229073233 0.7294669570079708 0.7350240031898865 0.7405780641182858 0.7460532591807416 0.751382253017267 0.7565440112185419 0.76152469119881 0.7662864601232999 0.7707932521260299 0.7750035213287575 0.7788973114905741 0.7824664603064785 0.7857186117669034 0.788663510683178 0.7913181876784989 0.7936979644798106 0.7958143120711185 0.797673442020958 0.7992727885136399 0.8006074979506401 0.8016697353165197 0.8024585117971559 0.8029685162706173 0.8031939415686756
0.6468511731873665 0.6528965924118035 0.6585286399944167 0.6637781590351732 0.668674633927593 0.6732580727946238 0.6775957037645481 0.6817663863208558 0.6858594949046332 0.689955879259046 0.6941261177496393 0.6984170755563655 0.7028616505161033 0.7074789088373827 0.7122870717302578 0.7173080044130156 0.7225278808635194 0.7279055696615809 0.7334204657915022 0.7390409790037229 0.7447120114600037 0.7503589297212053 0.7559125113522497 0.7613095147983604 0.7665087771908752 0.7714816281292689 0.7762060003751753 0.7806616609500155 0.78481460045028 0.7886523449327518 0.7921743303041628 0.795386533828425 0.7982846283171645 0.8008753061117603 0.8031630523243674 0.8051670178077299 0.8069057528717991 0.8083803361722732 0.8095929994519875 0.810541839896112 0.8112299675892082 0.8116586961847891 0.8118251700138662
0.6517266352178253 0.6580838715948492 0.6640334550468945 0.6696017433441647 0.6748137519038497 0.6797023086507049 0.6843332573109859 0.688784578664563 0.6931429072893263 0.6974905711673858 0.7018976592476431 0.7064149026665687 0.7110741382794196 0.7158951593273395 0.7208920959729809 0.7260846828508518 0.7314677928200457 0.7369974943757032 0.7426433342363309 0.7483676382906623 0.7541294830685273 0.7598597771114662 0.7654804385324145 0.7709278355055093 0.7761490798270423 0.7811132594955714 0.7858032443835035 0.790207312916348 0.7943022606903698 0.7980836501679595 0.8015564501216546 0.8047313679855289 0.8075912284471765 0.8101296876810593 0.8123488250031876 0.8142687148837141 0.8159113748747558 0.8172803385487132 0.8183897272123308 0.819245086511758 0.8198396324235674 0.8201866794307106 0.8202977917301117
0.6564931761625874 0.6631731655222681 0.6694539945447946 0.6753552641680922 0.6808969033288756 0.68610577890323 0.6910404112886891 0.6957813159952873 0.7004081214602876 0.7049981805632433 0.7096250045270758 0.7143484655531683 0.7192020871414477 0.7242046909236693 0.7293667346564502 0.7347035835584297 0.7402134853557365 0.7458628912401516 0.7516136219290049 0.7574265813744374 0.7632602468909366 0.7690556566870583 0.7747301322637359 0.7802058166818377 0.7854324991365152 0.7903880657161216 0.7950528928578715 0.7994137473343588 0.8034587698498306 0.8071893112916526 0.8106118706774823 0.8137390798642347 0.8165556448564288 0.8190483768408773 0.8212185578648018 0.8230798895530572 0.8246539488617866 0.8259478063347256 0.8269765961058867 0.827742865313208 0.828250994699177 0.8285251709581898 0.828585089283047
0.6611451051929627 0.6681593198359076 0.6747804397419728 0.6810239713733206 0.6869043154765728 0.6924481885472793 0.6977046195855121 0.7027463842520814 0.7076468852745996 0.7124818336223436 0.7173261825548924 0.7222440210204448 0.7272679669962968 0.7324198122379757 0.737710059257739 0.7431509309968838 0.7487502273859497 0.7544791766868977 0.7603047466079255 0.7661887189358368 0.7720768435561043 0.7779121735105603 0.7836200628108427 0.7891179943873948 0.79435336312739 0.7993060590708092 0.803953942366238 0.8082874228478751 0.8122951851456399 0.8159762194914746 0.8193389720117089 0.8224024110018098 0.8251625375475946 0.8276048808397782 0.8297300805896279 0.8315495541859018 0.8330762924129622 0.8343186446766617 0.8352858422842163 0.8359815094440197 0.836423356234405 0.8366395672372468 0.8366498366205983
0.6657009618646317 0.6730645351903426 0.6800366799787292 0.6866298435533642 0.6928543429791436 0.6987371697849827 0.7043213526847009 0.7096671693321839 0.7148488106494542 0.7199396157852966 0.7250044015752373 0.7301060922963721 0.735282761644887 0.7405565652712345 0.7459382206773822 0.7514444439181014 0.7570920881554226 0.7628633865362431 0.7687297588739823 0.7746532420888959 0.7805706019518727 0.7864257297475397 0.7921503903002125 0.7976655988216398 0.8029154348528279 0.8078699208697413 0.8125053322993367 0.8168162140293824 0.8207884121567115 0.8244167747404549 0.8277163541950141 0.830706597842432 0.8333965168298334 0.8357767827431234 0.8378491832518737 0.8396286325072361 0.8411176938274524 0.8423190842353414 0.8432426560553734 0.8438972353157468 0.8442951209828037 0.8444655727833028 0.8444374253938497
0.6701892430455701 0.6779173756078151 0.6852530032863674 0.6922071271863748 0.6987830086467548 0.7050019976089573 0.7109059506181372 0.7165581119641562 0.722026173442812 0.7273721302135905 0.7326531258656727 0.7379325029907212 0.7432460154727804 0.7486141718451256 0.754059518102312 0.759605868895467 0.7652712165454865 0.7710552319456572 0.7769351994661833 0.7828630776839439 0.7887733731699333 0.7946187627722112 0.8003346402802949 0.8058508132867828 0.8111088381445563 0.8160631746411535 0.8206897117047449 0.8249773024604962 0.828906065800862 0.8324698715069476 0.8356902887282045 0.8386016090919785 0.8412197431852444 0.8435365136699176 0.8455515319167732 0.8472792874962609 0.848717459319209 0.8498736779808893 0.850763278563018 0.8513946709682365 0.8517674402032532 0.8519084650218162 0.8518541178681894
0.6746522141001003 0.6827531266699804 0.6904594162681676 0.6977810239415662 0.7047127111585544 0.7112649650050633 0.7174840043253514 0.7234412066775024 0.7291943103765139 0.7347882415858886 0.7402752271744251 0.7457165383275608 0.7511479557386633 0.7565930281179098 0.7620802494887219 0.7676435232992971 0.7733093299830416 0.7790855891455817 0.784947280545101 0.7908409418831257 0.7967055864587043 0.80250205802027 0.8081776543895649 0.8136713188658724 0.8189239520744519 0.8238757606779512 0.8284929857307156 0.8327482965149596 0.8366179678361554 0.8401019689001734 0.8432333411842369 0.8460563815619877 0.8485945381810731 0.8508414450617687 0.8527900040128913 0.8544489944390101 0.8558248411744387 0.8569288919153971 0.8577752642820108 0.8583761922727994 0.8587277827156564 0.8588491929197756 0.8587715193241098
0.6791350705240082 0.6876092641704004 0.6956868389934772 0.7033721174790347 0.7106540706178868 0.7175380928005639 0.7240752026390207 0.7303364801223194 0.7363664221891714 0.7421967098772497 0.7478713410439691 0.7534489922931064 0.7589778090995323 0.7644894777256539 0.7700091022143591 0.7755741886576906 0.7812236794767999 0.786967742123287 0.792775452815482 0.798597022559746 0.8043828879551912 0.8100967875898069 0.8156973563282023 0.8211327307766403 0.8263470850878256 0.8312743131740213 0.8358663252565 0.8400761577188482 0.8438735963808828 0.8472731877178776 0.8503105522215728 0.8530279884103215 0.855463525185341 0.8576204114056553 0.8594859754054518 0.8610641314685324 0.8623697092182087 0.8634146667800324 0.8642081106636472 0.8647636084905643 0.8650802038519323 0.8651778023183104 0.865085072976165
0.6836546942759487 0.692498726034976 0.7009452679015049 0.7089842561551591 0.7166014664694115 0.7238107031456774 0.7306653049925573 0.7372262087293285 0.7435228079464395 0.7495790349318874 0.755432686742253 0.7611340744545259 0.7667434517579885 0.7723062201641075 0.7778502534278064 0.7834055858069677 0.78901513576385 0.794691301547344 0.8004101493431628 0.8061316999789113 0.8118114803251086 0.8174133420800813 0.8229046761921986 0.8282425101779534 0.8333676290548111 0.8382227080569573 0.8427525779519739 0.8468958581988052 0.8506124260605613 0.8539223314425444 0.8568569849307068 0.859452431237185 0.8617618656852728 0.8638031972998925 0.865569496257903 0.8670557380173037 0.8682801098491593 0.8692556150440542 0.8699874963266674 0.8704887471743286 0.8707643714367375 0.8708344397368989 0.870727565724206
0.688196455161135 0.6974100367399372 0.706213450340266 0.7145904780078421 0.7225358230978428 0.7300671047087838 0.7372314319273117 0.7440791942625382 0.750635577576668 0.7569146756054466 0.7629406888041492 0.7687580717456878 0.7744335396434456 0.7800269812084798 0.7855746554473793 0.7911062244652556 0.7966525368024302 0.8022316809565984 0.8078311857554755 0.813422167346996 0.8189616642771089 0.8244189682066052 0.8297646485317407 0.8349633698739932 0.8399522044778787 0.8446771729612724 0.8490986047201527 0.8531469239504325 0.8567690036683309 0.8599740581683707 0.8627922801913885 0.8652607590139327 0.8674321163125075 0.8693405088428754 0.870985626089418 0.8723662125825573 0.87349569667374 0.8743913564931921 0.8750556618038754 0.8754939880415401 0.875721619100927 0.8757595280517472 0.8756416747565687
0.6927353591195635 0.7023140522408526 0.711461215690065 0.7201669980733 0.7284322952008787 0.7362729236244653 0.7437352830633657 0.7508606106209647 0.7576633447695671 0.764152850859436 0.7703421530928356 0.7762655941715811 0.7819969402642329 0.7876066669317279 0.793136906723938 0.7986233965160685 0.8040884401234089 0.8095460161191004 0.8150006126192638 0.8204256718560154 0.8257841763485152 0.8310560731927464 0.8362110948733026 0.8412193467032713 0.846028632637067 0.8505837820844333 0.8548485097598797 0.8587613296418437 0.8622678254740319 0.8653540876059668 0.8680427794452215 0.8703791704416532 0.8724094199432825 0.8741777998497366 0.8756911075758655 0.8769542293931821 0.8779759625446133 0.8787724327228623 0.8793530285647684 0.8797263294094808 0.8799023432991502 0.879908515313747 0.8797890319736418
0.6972408675160304 0.7071814720393393 0.7166667819728146 0.7256913170987866 0.7342590108473634 0.7423877656653799 0.7501302909145839 0.7575148201616301 0.7645367466271153 0.7712073537074011 0.7775407839334145 0.7835676946178449 0.7893536628625588 0.7949686703933156 0.800465630660135 0.8058862764150826 0.8112445187024747 0.8165555953993409 0.8218343529576666 0.8270609414651162 0.8322037003328284 0.8372494846648535 0.8421710947766972 0.8469443308534772 0.8515317332207556 0.855882843298581 0.8599530372811817 0.8636923918749134 0.8670488183458414 0.8699984307879001 0.8725504761510681 0.8747473213756809 0.876636977601013 0.8782669612687308 0.8796483852727449 0.8807885173858974 0.8816910700478409 0.88237022515116 0.8828507010715092 0.8831479867416772 0.8832707255450749 0.88325576278635 0.8831466946056086
0.7016643458599058 0.7119659293679739 0.7217810793844992 0.731107562848764 0.7399571518267822 0.7483572769150728 0.756353775799812 0.7639653080015056 0.771178613487935 0.7779986465518302 0.7844496468156565 0.7905690275431121 0.7964033157528271 0.8020161225285026 0.8074629378270276 0.8127955718360219 0.8180294903926345 0.8231745854881024 0.8282493791392751 0.83324587414706 0.8381390450877315 0.8429168740294131 0.847567632743902 0.8520739568790275 0.8564060391310588 0.8605215522440878 0.8643723681687858 0.8679093947094656 0.8710814856205653 0.8738687785658394 0.8762710559754188 0.8783209041763341 0.8800678458376672 0.8815568565462594 0.8828045849723845 0.8838208159263388 0.8846068571079918 0.8851716762502988 0.8855444204494336 0.8857574281438452 0.8858325890412464 0.8858073754293577 0.885716072260456
0.7059619889621902 0.7166092628667089 0.7267399981499783 0.7363525484675799 0.7454670594884534 0.75411582930925 0.7623375388119025 0.7701396952587798 0.7775139318828863 0.7844633550055885 0.7910157511847721 0.7972039165934375 0.8030669023467967 0.8086626378959454 0.8140435989764128 0.8192608587639348 0.8243437930338869 0.8293062039467479 0.8341632277580535 0.8389075107443933 0.8435199964013715 0.8479931162500896 0.8523395210350458 0.8565519485147756 0.860608350389921 0.8644697682066023 0.868082575374691 0.8713985129410001 0.8743628803954486 0.8769644584019525 0.8792042777029391 0.8810973973447591 0.8826926649500908 0.8840299005273322 0.885132050390325 0.8860159761084813 0.8866866943980767 0.8871464695202556 0.8874274566766549 0.8875697425399182 0.8876075487832493 0.8875797117901757 0.8875082513239176
