data/Simplextest.asc
ncols 100
nrows 100
xllcorner 0.0
yllcorner 0.0
cellsize 1
NODATA_value -9999 
[rows 76 to 94 of 100, columns 43 to 85 of 100]
0.9408735587672351 0.9387071329028527 0.936397838016517 0.9339377098296643 0.9312873067043734 0.9283966312534222 0.9252887030947404 0.9222143339112754 0.9193279335504195 0.916616278735432 0.9139962774638697 0.9113484984238341 0.9082864372075568 0.9041165424240482 0.898329148744925 0.8905246157902234 0.8803365940518492 0.8677508639990918 0.8529780173862583 0.8362722785637877 0.8180826049001089 0.7986809890792814 0.7781088324021457 0.7564435302306132 0.7337105447461665 0.709982578018903 0.685213706984197 0.6595216677302456 0.6332173654799096 0.6067709900666538 0.5804855239331189 0.5543422737673946 0.5282001399808554 0.5017847070669887 0.47507261446755555 0.44815514091435144 0.42119693838409356 0.39458100401491125 0.3688474624718414 0.344501547021871 0.3220668092916925 0.3019031337779968 0.28413923028434573
0.9497372797353664 0.9478986768329728 0.9457955635081655 0.9435084848364752 0.941013640719085 0.9382619990858474 0.9352949105279629 0.9324047036321013 0.9297685864981209 0.9274991597898669 0.9255772835980153 0.9238504108555394 0.9219212466308708 0.9190373822223916 0.9145724569139911 0.908071950827716 0.8991956160551662 0.8878118988024408 0.8740704134288746 0.858333626861826 0.8410158669111714 0.8224485128558847 0.8026935590571884 0.7817557319224183 0.7596181123609671 0.7363395228426002 0.7119146489934102 0.6865044443509828 0.6604358224497737 0.6341000048815588 0.6077294398856234 0.5814316160456169 0.5551197746754587 0.5284849028342261 0.5015288656453822 0.47449695101698897 0.4476827004240661 0.4213081542596772 0.3957525709929888 0.3715238235670083 0.34913520096031075 0.32886281309810583 0.31075524995622744
0.9535225846159477 0.9520185679536303 0.9501408273300578 0.9479927208507409 0.9456293982290502 0.9430547176820216 0.9403026603121412 0.9376954389576675 0.9354722673872229 0.9338497897871136 0.9328856307886241 0.9323432902799729 0.9317576675699174 0.9304349665099778 0.9276398501262484 0.9227441328516516 0.915393059016969 0.9054769371816143 0.8931224465504194 0.8787111100456446 0.8626317458880911 0.8451742122472767 0.8264183179776361 0.8062984960159729 0.7848898684303194 0.762209194812914 0.7382879760678845 0.713308280919438 0.687507095483485 0.6612588003970999 0.6348099686335423 0.6083382067837907 0.5817479580834779 0.5548320910773165 0.5276999387069459 0.5006701860365663 0.4740548004460707 0.44797067786143474 0.4227356823855774 0.39882383201244975 0.3766318657067755 0.35636580667854106 0.3379974543030806
0.9525132708764328 0.9512440375436602 0.949555284370836 0.9475689187308531 0.9453472455924727 0.9429404214181527 0.9404735653845592 0.9383162581374263 0.9367594665141505 0.9360306655296724 0.9362581752749816 0.937159952060848 0.9381529292423472 0.9384881248437299 0.9374233875389081 0.9342982688281043 0.9287083172831696 0.9205863872902226 0.9100047035212202 0.8972763998575759 0.8827712636783552 0.8666558480296611 0.8490470624697091 0.8299111947925177 0.8093599089716587 0.7874092973628137 0.764178989910199 0.7397676318609624 0.7143051739350459 0.6881391341690036 0.6615804026269467 0.6348986588424209 0.6080102017155129 0.5808597591585132 0.5536530373436118 0.5266903807202785 0.5002575471441243 0.47447142916661883 0.449615289470905 0.4260660573922987 0.4041533896686697 0.3839397486940237 0.36536776735235976
0.9471763945407976 0.9460355879425131 0.9445038906918872 0.9426670490287175 0.9405865014271559 0.9383841557161547 0.9363179804321298 0.9348144050301495 0.9342060903794371 0.9346145511720366 0.9361144261721968 0.9384599854820843 0.9410513019492721 0.9430707666950868 0.9437413699694943 0.9424683492239785 0.9388778832239852 0.9328465518843133 0.9244241138789056 0.9137863677008174 0.9011882862617158 0.8866904145648419 0.8704245692207013 0.8524417652877779 0.8328557463557557 0.811772613379236 0.7893700970728122 0.7656232541399486 0.7405363622912448 0.7144780095264192 0.6878636901050881 0.6609874312316435 0.6338727157364848 0.606558394290518 0.5793090544692365 0.5524253618451154 0.5261764629791742 0.5007132257058868 0.47625399300428806 0.45310020014030955 0.43153921216223423 0.4114342309451645 0.3926795591565027
0.9379866179520251 0.9369178613024388 0.9355623972305216 0.9339094172478418 0.9320177722982634 0.9301495897153332 0.9286493837936831 0.9279353720286634 0.9283719980180734 0.9300221211320846 0.9328112330895226 0.9365052144215891 0.9406274210058345 0.9443645510229476 0.9468845815369726 0.9475867853303557 0.9461282166265589 0.9423642732911253 0.9363026025323649 0.9280137845987013 0.9175705583716942 0.9049774304788081 0.8903150204068087 0.8736508994168612 0.8551720826612836 0.8350784501604094 0.8135411961689578 0.7904669862037357 0.7657957040713612 0.7399458209743657 0.7133997595105647 0.6864377325232158 0.6591380482587552 0.6316895831382214 0.6043904425796252 0.5776467672932665 0.5516664160608196 0.526543106957381 0.5025275123090193 0.479884168322568 0.45870739862227294 0.4387427883752868 0.4198455401214267
0.9255618024981469 0.9245801394857717 0.9233691001493126 0.9219235726873156 0.9203443005304048 0.9189615281355945 0.9181872649584011 0.9184215913402832 0.9200043054788533 0.922960130467815 0.9270701646388203 0.9320932874179519 0.9376599442259639 0.9430754764027216 0.9474998476595826 0.9502753009537018 0.9510203482366095 0.9496149280134376 0.9459658349816467 0.9400491638272248 0.9318079597997655 0.9212692668820766 0.908402840807462 0.8932294007824402 0.8760274898317688 0.8569977250629486 0.8362419846009403 0.813772347370644 0.7896254774729519 0.7641668777306093 0.737841856984434 0.7108969840988464 0.6835031450316202 0.6560098932808021 0.6287709547143566 0.6022478619725483 0.5766112708852356 0.551932414411446 0.5284462597460697 0.506334341851109 0.48553559396712637 0.46572015773107406 0.44667671081298976
0.9106086276332201 0.9097378775906612 0.908744754085085 0.9076125317945632 0.9064931911373031 0.9056984928259497 0.9057474710734468 0.9071189778801719 0.90999656519985 0.9142560946331708 0.9196372070867449 0.9259679470052915 0.9329413865681424 0.9399500719559541 0.9462683204149508 0.9511195475317297 0.954092697203418 0.9550130563841291 0.9537099778100453 0.9500867760734313 0.9440441633639912 0.9355769128635325 0.9245868938395809 0.9110338138322736 0.8951829410993811 0.8771943531599996 0.857121730510011 0.8351438396639289 0.8114859435644862 0.7864996179478945 0.7605682816592547 0.7338806379585852 0.7066623880787626 0.6793677338887074 0.6523969381971388 0.6262019357570293 0.601000086137717 0.5768257647903892 0.553868965924854 0.5321904444021875 0.5116893724517773 0.49202345438083694 0.47282396796013176
0.8939760070514757 0.8932303064603828 0.8925257753638927 0.8918278916517441 0.8912971369164544 0.8912243884039275 0.8921636245675857 0.8946417891204311 0.8987617141523535 0.9042963937292756 0.9110193604246599 0.9187178755506733 0.9270829786042614 0.9356854415690878 0.9438076550655873 0.950636811024943 0.9557461247251043 0.9588820074872194 0.9597809428323696 0.9583117482707579 0.9544152146722096 0.9479563343891095 0.938830741844906 0.9269193973672794 0.9123420427818286 0.8952957334627248 0.8759032978209211 0.8543673650676171 0.831092643917823 0.806564489299766 0.7811482560855114 0.7549849491879825 0.7282756772671286 0.7014681529628644 0.6749922922944197 0.6492956272980177 0.6246467256319348 0.6009907852621915 0.5784817147121458 0.5571494176583109 0.5368344672326613 0.5172251901008201 0.4979273288352969
0.876252466952277 0.8757299513310722 0.8753951311668206 0.8752067798942736 0.8753406453254503 0.8760948209563977 0.8779586091198917 0.8814190902885197 0.886658699392604 0.8934722266685988 0.9016165918012826 0.9107843462004903 0.9205804569062724 0.9306653546967741 0.9404035848779206 0.9490218195339911 0.9560815675688497 0.9612612275208656 0.9642273769464658 0.964796408569286 0.9629116265753822 0.9583729595626047 0.9510178353776735 0.9406433187999813 0.9272429109464154 0.9110747863534059 0.892339645917944 0.8713140260557635 0.8484400572917111 0.8242986732150532 0.7993732288007476 0.7738399521332446 0.7478667016934402 0.721796611284196 0.6960248705855356 0.6709714101432486 0.646941301042564 0.6238722492603945 0.6018219138393152 0.5808240764529063 0.5606887696035343 0.5410996467588155 0.5216887826772121
0.8576805626164846 0.8575361242459844 0.8576977940383523 0.8581267310414888 0.8590230761762306 0.8606834957711575 0.8635396217211078 0.8680500526788597 0.8743883610586931 0.8824116115908425 0.891872411967283 0.902467738394316 0.9137141219859182 0.9251776675248101 0.936331157763093 0.9465180892479721 0.9552737867425355 0.9622605686178565 0.96711502102169 0.9696089252753268 0.9695824914951325 0.9668211520007207 0.9610662404145097 0.9520317580003469 0.9397269214435178 0.9243490645195225 0.9062211572903873 0.8857001935355104 0.8632542382098951 0.8394912749405314 0.8149855727382269 0.7900864842868388 0.7649522668724309 0.739775951250185 0.7148799989818228 0.6906141677691766 0.6672403141335188 0.6447965962389585 0.6232837914164189 0.6027149334737707 0.5828281906073273 0.5633096183283166 0.5438156536374551
0.8382995298164673 0.8387336318782778 0.8395527277535466 0.8407340585997216 0.8425251372899609 0.8452340448820714 0.8492332780592362 0.8549147563060635 0.8624229192808754 0.8716564089204251 0.8823360184890485 0.8941803767398839 0.906737478703818 0.9194380983458228 0.9318088758525878 0.943309020438821 0.9535004289948348 0.9620389541406261 0.9685317399149622 0.9727201047639854 0.9743738261339823 0.9731726922099633 0.9687683493676902 0.9608826465865703 0.9494525199777321 0.934720603086685 0.9171689906806022 0.8971606078644658 0.8751807414372403 0.8518663083095581 0.8278247859646092 0.8035532013462032 0.7791854554825868 0.7548887829640778 0.7309012719780152 0.7074538175413975 0.684858412799036 0.6631913929607152 0.6423954986625675 0.6224135814429106 0.6029095698931164 0.583537649980226 0.5640317665270133
0.818213664410399 0.8194242825342747 0.821122960486961 0.8232510306505101 0.8260836671769305 0.8299569429658444 0.8352012304955848 0.8421534064613603 0.8509387926363641 0.8613682715096976 0.873162028330319 0.8861231105271767 0.899781220644157 0.913515818341692 0.9269060551857738 0.9394858554957353 0.9508930544397133 0.9607210351691753 0.9685722495763618 0.974173225402888 0.9772272464929552 0.9773002917695415 0.973957218725644 0.9669226373202466 0.9561370828674293 0.9419538810625339 0.924945081135701 0.9054576646077278 0.8839863316972074 0.8611520882426285 0.837615951378591 0.8139092682375376 0.7902280746532744 0.7667559574413843 0.7436597795863592 0.7210926418230214 0.699422433002423 0.6787275175756148 0.6588345953242427 0.639608889810773 0.6206780815260928 0.6016497825448784 0.582270402637421
0.7977647109844463 0.7999050306778627 0.8026386659017515 0.8058683923585783 0.8098610698407043 0.8150031221258757 0.8215875478805337 0.8298583786631158 0.839889750658611 0.8514454562443545 0.8643191780957958 0.8783159984881729 0.8929062975880533 0.9074868869770609 0.9216781793568813 0.9351164812449192 0.9474874879659176 0.958339101791799 0.9672987605633289 0.9739990883783909 0.9780668758788663 0.97907665449257 0.9765019906073741 0.9700620223886053 0.9596971968372524 0.9459198317299 0.9293305606007864 0.9103198560197681 0.8893766494230986 0.8670848255816597 0.8440344114944781 0.8208078225442345 0.7977459262711575 0.7750658834110246 0.7529117531727294 0.7314172699919828 0.7108607903178277 0.691305196775901 0.6725296005354529 0.654276736893178 0.6361004814972054 0.6176329622751159 0.5985856720185123
0.7772256703561848 0.7804033207770557 0.7842762155494813 0.7887076872032389 0.793939171959678 0.8003856430403083 0.8083227605794819 0.8179054507766177 0.8291234618323848 0.8418294522797609 0.855816134882158 0.8708040572744791 0.8862428172786905 0.9015725965395661 0.9163946759979094 0.9304597353578012 0.943454093030678 0.9550170624233767 0.9647441264485684 0.9721803380569796 0.976874149657918 0.9783933733154779 0.9762405905095589 0.9700810158944594 0.9599188559972363 0.9464135966075072 0.9301928535182141 0.9116526864377361 0.8912341624748645 0.869396201644444 0.8467487279903598 0.8239666018820644 0.8015061035416314 0.7796292228584707 0.758523747707503 0.7382419467429657 0.7189748980030313 0.7007905113643058 0.6833744457739719 0.6662924941698128 0.6490609920702729 0.631386206410372 0.6129565121726651
0.7569287235229403 0.7611778038256347 0.7662335187286982 0.7719647888508634 0.7785166683817011 0.786247462248219 0.7954424856795661 0.8062812191956943 0.818713151523488 0.8326347937116835 0.8477532071361362 0.8637129022226828 0.8800167825794764 0.896053399924811 0.9114023815130617 0.9258435862918193 0.9391312394363323 0.9510047879028409 0.9610666105020366 0.9687849400892196 0.9736696906952356 0.9752569508527196 0.9730833905607295 0.966890094941083 0.9568284810712504 0.9435561713119262 0.9276730644128304 0.909582851802717 0.8895994130827196 0.8680728603028276 0.8457299344241278 0.8233705384397318 0.8014815462083696 0.7804339586021749 0.7604468225649734 0.7415176850227956 0.7237314250180815 0.7071083640166034 0.691214021704291 0.675484923475844 0.6595033237361163 0.6429269584135995 0.6254515697527713
0.7374404464020001 0.7427786882751173 0.7489855663861494 0.7560183309822005 0.7639112899245253 0.7728942352278736 0.7832961981184495 0.7953839076390512 0.8090815564359071 0.8242237970244901 0.8404880675256035 0.8574663328459547 0.87458689579166 0.8912206494894553 0.9069244410398938 0.9215219114554789 0.9348115813232373 0.9465758480324928 0.9564601995502466 0.9639052366226684 0.9684870179084731 0.9697379431701145 0.9671894271141429 0.9606915564913526 0.9506005132687687 0.937524332292488 0.9218788884560952 0.9041218750560843 0.8844985199476063 0.863268299176554 0.8412058834376015 0.8192371556576963 0.7979584541869091 0.7777929696743098 0.7589771202302273 0.7415130787761376 0.7253689729897489 0.7104465371647238 0.6962299872453404 0.6820507038725664 0.6675251566533495 0.6523270267131759 0.6361005554810868
0.7194133765679306 0.7258464695551902 0.733195431727799 0.7414517052228821 0.7505796529557346 0.760810939511992 0.7724493956625598 0.7857757219129955 0.8006896337227072 0.8169526364902164 0.8342865662706298 0.8522018811637327 0.8699971899661705 0.8870096294951377 0.9028906412267554 0.9174907774140741 0.9305614928648137 0.9418249631238161 0.9509900488356083 0.957691837900097 0.9615576980091485 0.9620897117940463 0.9588530369468296 0.9517926203510634 0.941427866814879 0.9283029803762235 0.9127502524241238 0.8952057069401963 0.8758649518043833 0.8549578805390562 0.8333008041926636 0.811843236354789 0.7913066146384479 0.7721163504094049 0.754537515877691 0.7386501138213835 0.724273858076196 0.7111474004693435 0.6987376459214645 0.6863056211838356 0.6734115571439228 0.65976132797646 0.6449652470432818
0.7035815514049315 0.7110838612186555 0.7194922774426014 0.728828763484774 0.7390908740118134 0.7504995205736487 0.7633027484479591 0.7777236195071888 0.7936524531678335 0.8108938987259352 0.8291138629058066 0.8476947587776222 0.8659373123186603 0.8831603580434053 0.8990713305449293 0.9134913655948929 0.9260961785645828 0.9365727759435774 0.9446813171538992 0.9502919267475471 0.9530854226653831 0.9525174761836754 0.9482852209821238 0.940453893845911 0.9295673828604947 0.9161621009153808 0.9005283856151503 0.8830152373548603 0.8638044529504232 0.8432360963186845 0.8221374500793615 0.8014434960809186 0.7818123718836354 0.7637495565290875 0.7475119950943065 0.7332527849878259 0.7207619058145873 0.7095987485063848 0.6990900452746456 0.6885175080188495 0.6773629766774794 0.6653322977797322 0.6520542052352797
