data/Simplextest.asc
ncols 100
nrows 100
xllcorner 0.0
yllcorner 0.0
cellsize 1
NODATA_value -9999 
[rows 38 to 56 of 100, columns 43 to 85 of 100]
0.2411467700751345 0.21438942520107923 0.1914970739174795 0.17252854680323998 0.15726171010636064 0.14546673048676317 0.13692289247964506 0.13138743418310306 0.12870373633843205 0.12866311249315665 0.13100312178396578 0.13547670099531908 0.14157769943333884 0.14879265600884595 0.15689538093272443 0.16594256921537806 0.17605069372264448 0.18750905942778073 0.20048001589392261 0.21516209976874814 0.2317370835938018 0.2499857910194196 0.2695102409107533 0.2900067223652643 0.31102360263875084 0.33212571039230543 0.35319670288726707 0.374137949946197 0.3949346096542067 0.4158403408605761 0.43715263683879935 0.4590575733183122 0.48177930632289123 0.5054604512284463 0.530295769536841 0.5563588410416054 0.5834096554108327 0.6113399967210242 0.6402170224387566 0.6699561200012565 0.7002329184353996 0.7304477884004412 0.7600703840781962
0.2064782151255664 0.18121396997314992 0.1601353022501389 0.14320150881693736 0.13018507184893113 0.12076100455257407 0.11470571559469823 0.11181191463769578 0.1117933154876486 0.11425593779540763 0.118806229163151 0.12521084548633493 0.1330546270188078 0.14189026080537853 0.15145587497792884 0.16186617155296915 0.17342631587837873 0.1863657279942036 0.20071929499649796 0.21653618300072705 0.23388137993085262 0.2525362639738281 0.27220615799435804 0.2926782090452395 0.31351943914752883 0.3343923106094132 0.3550858815173791 0.3755379341522999 0.3958846146353101 0.41640701881847314 0.4374812325498444 0.45928819635518914 0.4820219127400315 0.5058254176002247 0.5308223868302484 0.557059439561596 0.5843089843186493 0.6123933139110037 0.6413023706597847 0.6709383609826447 0.7008823301805658 0.7305371355342739 0.7593614777444431
0.1741770743159018 0.15068290139712726 0.1315595749095104 0.11679682034621254 0.10614510179609508 0.09917596303205573 0.09570241202280824 0.09549026164138906 0.09807275177615246 0.10292156874569268 0.1095330857874987 0.117624850539391 0.12689542134091325 0.13700304536730795 0.1478300714772562 0.15950519772609362 0.17239061785962134 0.18661301850368614 0.2020806000213347 0.21871989122645163 0.2364896298082481 0.2552352323431833 0.2747132023768876 0.2946892556271861 0.31485827211344963 0.3349865986132556 0.35488472788575864 0.3744957966876136 0.39409286552389555 0.41396193371315293 0.43449994285383436 0.455965070284832 0.4784876027814341 0.502165095865653 0.5270301129877726 0.5531340293527681 0.5802939713514393 0.6082637291829476 0.636979360508747 0.6663248510724193 0.6958927478141084 0.7250031771230458 0.753061807538232
0.14501285194539 0.12344445772735947 0.10640107662801428 0.09390643470397739 0.08563157998753256 0.08113550406333603 0.0802119479663535 0.08252213992076513 0.08749386439140396 0.09449625061071214 0.10290626446222403 0.11241771124534311 0.12286088454004085 0.13401893587663966 0.1459587558867663 0.1588267721789472 0.17284611965593152 0.18805402077981687 0.2043186374099065 0.22147368680944832 0.23941182922037088 0.25803133897998254 0.2770219719460083 0.2961917694504775 0.31534150760086654 0.33426358025483616 0.35291447239594664 0.37136139926074196 0.38990052367641603 0.40884295703630086 0.42858007276951693 0.4494217271951701 0.47145051550773265 0.4946653954840685 0.519072252037542 0.5447116202087985 0.571415593580346 0.5989109039898117 0.6271158639526331 0.6559476839687022 0.685042514127588 0.7136645723447677 0.7410929805797477
0.11968048337255267 0.1001570430455468 0.0853133524710116 0.07508555529063293 0.06905632757180341 0.06689751336742891 0.06835852683847114 0.0728802705920531 0.07985104547525504 0.08863708422943359 0.09856889047457996 0.10934656370356295 0.12087293164987224 0.13304250740394313 0.14600030415947485 0.15990236528661037 0.1747983794910267 0.19067984217057213 0.20742796924222637 0.2247895136891577 0.24264511266983174 0.2608593510389022 0.27909537558241837 0.29720091057476106 0.3150530938734235 0.332472646218814 0.34953248819468036 0.36648172198951806 0.3836614636657085 0.401436105250815 0.4201656615102781 0.4400419956570978 0.4611405771807328 0.48350044437217904 0.5071210672779736 0.5319574759657127 0.5577857942101352 0.584435445067211 0.6118671479944788 0.6400205694101293 0.6685180966549187 0.6965883293956066 0.7235502321527976
0.09858163925564857 0.08127111138700745 0.06863285357391356 0.060552290355501 0.05658437524894519 0.05648991375075532 0.059972990191276 0.06633125561016286 0.07489347446681928 0.08506180031645348 0.09625961138298167 0.10817944445499439 0.12073442136243201 0.13391510202655846 0.14780517724162673 0.16250855424400662 0.17807413722913867 0.19441245216167305 0.2113482496628419 0.2286301325252665 0.24612585261117256 0.2636484532691037 0.28092336965099585 0.29773943220036325 0.3140132889874102 0.3297400239747081 0.34497936919163774 0.3601125113069989 0.3756157270737367 0.3919206438148221 0.40936200010654444 0.4280016720339602 0.4478234219182171 0.4689662047812416 0.4914500108232496 0.515166377614467 0.5398632588520492 0.5654091998631301 0.5918407334377425 0.6190953778967455 0.6467880406936434 0.6742246647564223 0.7008078169524179
0.08203188092756386 0.06701300816417746 0.05645770322090994 0.05027567789944995 0.04812595272842696 0.04978263188967803 0.054855483862019314 0.06261226184703907 0.07239907470173598 0.08364687370355603 0.09588163747706678 0.1087975035448846 0.12226705099448489 0.13633296958332758 0.15105033332295084 0.16643804037800441 0.18247181741795565 0.19903946955075896 0.2159122312291278 0.23288077470501514 0.2497957741971537 0.2664461819148805 0.2825472662972729 0.2978778539530318 0.31243021383211844 0.32629358022536575 0.3395767502144189 0.3526680464199946 0.36614809996392556 0.3806030498889622 0.39632635111094183 0.41339417469934614 0.43173598499468546 0.45143300702409295 0.47246749113271763 0.49477793136656023 0.5181660999255158 0.5424372620034239 0.5676398098785405 0.5937980211413805 0.6205419045154398 0.6472689479224472 0.6734131814570455
0.0700325130514342 0.05725200107596959 0.048662286599773855 0.04412795803654973 0.04348415479844117 0.04656774781753574 0.05284427333226295 0.06164107359257105 0.07235405592050687 0.08441641095614967 0.09746344872748038 0.11121213020669991 0.1254597607953848 0.14021866911960618 0.15557118269013973 0.17143351875406998 0.18774795015918616 0.20432603552884232 0.2209534324694884 0.23747161429987187 0.2536792590020462 0.269346001533771 0.28411300808878914 0.2978454327090998 0.3105747271756167 0.3224163991533535 0.33355751272085593 0.34435619772353343 0.3555277208559701 0.367759986942674 0.3813989054626868 0.396564966624699 0.4131485804087864 0.4311209099511887 0.45047584978901023 0.4711502369484219 0.4930245340513053 0.5158806009307471 0.5397956314063254 0.5648189958001836 0.5905242160780853 0.616384676049057 0.6419100045502957
0.06230405175204533 0.05162705799208703 0.04485224585362296 0.04182121418730207 0.04243719880697411 0.04661639773501432 0.053826622758972945 0.06340846660286434 0.07478197532614514 0.08744173836226159 0.10112993044677075 0.1155172587712043 0.13032971067863774 0.14555104975846708 0.16121866002173038 0.17725344856709277 0.19365594726048205 0.2101598996573762 0.2264430707770483 0.24238272207330386 0.25777081237473737 0.27225061505685255 0.2855126923420374 0.29748410347808574 0.3082355224624469 0.31790584549334655 0.32675634602458764 0.33515274177158516 0.34384471294869834 0.35359330098473474 0.36483211570988294 0.3777615779690702 0.3922859248673761 0.40830224767818446 0.425767833549697 0.4446303008441518 0.46480450859210376 0.4861984013884455 0.508836816722852 0.5326696986322131 0.5572162295215125 0.582062725568268 0.6068059256890852
0.05826816685024078 0.049606711854472754 0.04450745270358311 0.04287493901132554 0.044613952388513275 0.04963525403141239 0.05747845228988066 0.0676040050697968 0.07943179853409074 0.09255824041871141 0.10678837019223744 0.12175088211153269 0.13701886656915435 0.15251055387234286 0.16825284765578313 0.1842316865457539 0.20047270434152803 0.21665728784205218 0.23239955848888416 0.24758452671838843 0.2619016051325965 0.2749604924261804 0.2865129189340938 0.2964707748035315 0.30501261554824877 0.31239635418143 0.318887375321455 0.3248547515212403 0.3310250947345521 0.3381164046142846 0.34670557824786574 0.35711965992710526 0.369312086546008 0.38322407906281 0.39871450090090255 0.4156716959988071 0.4340686960312471 0.45391867938228087 0.4751864271099484 0.497720805221211 0.5210540018603199 0.5448162867551333 0.5685865994210125
0.057258385110965926 0.050546246272606954 0.04709173882746866 0.04678995609391119 0.049524435966189495 0.055203339829662315 0.06344535274306597 0.07388721263445475 0.08604386769934379 0.09953743004822116 0.11418230742398373 0.1296384935142421 0.14535976515178628 0.16108093962561396 0.1768466441614106 0.1926337299267181 0.2084249013998955 0.22395060733049332 0.23885923304964987 0.2529513848421821 0.26586249130941286 0.2772660713357967 0.28692114425852905 0.2946808611852816 0.30086862051460833 0.30586841304274875 0.3099096339600739 0.31337865793577613 0.31697043624008425 0.32139210069980717 0.3272859945050577 0.33506585826928714 0.34478040307020186 0.3564440817827479 0.36986562823658803 0.38492748939008453 0.40156200777586576 0.41977130156707687 0.43953304766620693 0.4606538548306735 0.4826983136424371 0.5052614753467076 0.5278963134369002
0.05889454915122071 0.054040042152818865 0.052157190904436185 0.053064614198337565 0.056670692179489335 0.06288945937189448 0.07145567095888636 0.08206543322705866 0.09438723210125378 0.10811821289677476 0.12306168701896963 0.13887936402807846 0.1550060317519531 0.17098022247558603 0.1867218604997397 0.20217326216548887 0.21729859571800658 0.23195096419150513 0.24576728076996768 0.2584466995159003 0.2696907846038305 0.27921781819834784 0.28675750818077655 0.2922089026563732 0.29598861085525874 0.2985361676146463 0.3000811264361692 0.3010186689859966 0.3020038092745915 0.3038112069991059 0.3071134034128049 0.3123179553037706 0.3195247029562469 0.3287482654167681 0.3399528566355894 0.35306549848749424 0.3679017067500263 0.3844381075001694 0.4026135270091479 0.4221898289116543 0.44283436216545174 0.4640861444333604 0.48550533729652834
0.06294229057884772 0.059685040609463655 0.059194365207726266 0.06123060554013411 0.06565319653054402 0.07240692815725105 0.08129921934993373 0.09208965317805295 0.10443823573312382 0.11824511540087117 0.13335832139486095 0.14941347738883767 0.16579042994405152 0.1819049708981183 0.19749739091862817 0.2124891437004954 0.2268470535193781 0.2404937474182262 0.25304743286893777 0.264127980789171 0.27351673107750674 0.2809336243115416 0.2861768941174771 0.2893247382624754 0.29076494867654695 0.29089372541198827 0.289975465940159 0.2884053462186501 0.28683077756706765 0.2860896206974874 0.28684860409033625 0.2894836709345872 0.2941400253206594 0.3008900390680367 0.30975798822206174 0.32071614254549213 0.3335849349983316 0.3483422005762868 0.3648297917424509 0.3827937793661809 0.402008722415517 0.4219662958995404 0.44213915144648014
0.06922221382060272 0.06725003623567004 0.06794411908719586 0.0709842079670446 0.07616811077443983 0.08347526158974064 0.09273656935601164 0.10370397856980233 0.11613628577290008 0.12998668013527415 0.14511557880682868 0.16115327147358355 0.1775091583802338 0.19354448157684212 0.20884107537455227 0.2233191769774133 0.23689763156193924 0.2494480761768064 0.260661355424158 0.2701254812374264 0.27757385259673656 0.28275516052010197 0.28566968086294314 0.2865405346028378 0.2857149806905231 0.283486067936333 0.28018665338506255 0.27621079067841875 0.2721858945314421 0.26894505364848703 0.26712022666609647 0.26714608810392737 0.26922117339966556 0.2734392958528507 0.27981510621075073 0.28841621840103143 0.29917597073410085 0.3120646489497264 0.3267812881034565 0.3431107955565714 0.3608716521716826 0.3795047918246073 0.3983855466579893
0.0778394053698505 0.07680721595897798 0.07840890333430016 0.08228197037439787 0.08815756320209991 0.09599051103371094 0.10561408469405571 0.11682825702352927 0.12942870176725818 0.14330895252283996 0.15827510599465583 0.1740324604249744 0.19008281035208446 0.2057580238077602 0.2206362890651993 0.23458916747121236 0.2473848289453072 0.2588222876966631 0.2686524909250165 0.2764789771207885 0.2820535871795883 0.28515626343252143 0.2858975585737995 0.2845612811686858 0.28146459503749877 0.2769202077112122 0.27128838163325947 0.2649993688992335 0.2585943569367334 0.25286762592620327 0.24850323621754197 0.24593857166929062 0.24543697088951735 0.2470361862263679 0.25079962562558633 0.2569625508365104 0.26555379632610254 0.27643144514650964 0.2892954660053651 0.3039351007084953 0.32016296377401465 0.3373778939644806 0.3549191466743328
0.08934059385548282 0.08890135316202516 0.09112703030813504 0.09562660004609869 0.102036082545124 0.11021345706073458 0.12008403723197905 0.13153743525425138 0.1443397965378398 0.1582388195709708 0.1730285359832956 0.18836750427836962 0.20382863647665586 0.21891369381169473 0.23325697257174774 0.24658175297917764 0.25853459312922905 0.26888054360656066 0.277344838882175 0.2835868244236481 0.2874495280530488 0.28878951804300607 0.2875898929505031 0.2840992137389852 0.2787280398204891 0.2719144350173365 0.26398754878313324 0.2553947335307458 0.24668220641820876 0.23857669515004992 0.23172095601076048 0.22657179105705855 0.22346103083691116 0.22242685360952386 0.2235980414801578 0.2273104228286618 0.2336224534997836 0.24231102017553627 0.2531487269145197 0.2659938295533821 0.28058775158733856 0.29632055030272986 0.31250119006917326
0.1044825631923612 0.10438806749163261 0.10695134318766245 0.1117784905040306 0.11848226498691015 0.126809351407456 0.1366869637246422 0.14817622088375287 0.1610172370514118 0.17490035913813248 0.18951276670752681 0.20442137910403324 0.2192847440033457 0.23372416479583985 0.24737247718777486 0.2598856077255558 0.27085053910582146 0.2800843857014555 0.2872940521904124 0.29210893518956066 0.29441633080494295 0.2941327687635143 0.2911755732485114 0.28572909787765444 0.27821289414450345 0.269153626281789 0.25901753452615706 0.24826013083193244 0.23736893226003586 0.2269838082867055 0.21771818594718417 0.21000807773461627 0.20423347922102003 0.20053212525262068 0.1991093543958593 0.2002939268340889 0.2041557781815699 0.2104775647723376 0.21912606854496391 0.23000603148333604 0.24282096435348646 0.2569799843621753 0.2717744498256257
0.12392767648891599 0.12395849272817692 0.12660298190457067 0.13151564088439976 0.1382949194383533 0.14658069943744223 0.15626598734798192 0.16746256824401123 0.1800368595408267 0.1936709538171335 0.2079462816776549 0.22237998870813905 0.23666811740868293 0.2504573852316242 0.26330936650346654 0.2749054160475862 0.2848627393461051 0.29297679596632425 0.29897649381799846 0.30247911017147217 0.303345706956359 0.30157983826559537 0.2970885004500011 0.2899254178709955 0.28044658871203776 0.26925982816169747 0.2570530171072306 0.24429165669604064 0.23138057413210733 0.21880453994468774 0.20717897283720033 0.1969942930962806 0.18860674469705802 0.18218986863840125 0.17806360989701475 0.1765212804281311 0.17768963752023026 0.18147943633896574 0.18777272420123972 0.19648465225817893 0.20736597900903064 0.21988888565747183 0.23327090683130686
0.14790251676569804 0.14789176310617255 0.1504960960407417 0.15534474316264146 0.16200365433425407 0.17007851929167728 0.17941230606200032 0.1900317671208222 0.2019860660333565 0.21502492917082916 0.2287004529642826 0.2425628557469142 0.2561748781524079 0.2692230137410182 0.2812417740346269 0.29191797780452977 0.3008956391535445 0.30791015286339424 0.3127331187847446 0.3150398844635141 0.3146517783944803 0.3115802106591078 0.30564325392664465 0.29683903987357424 0.28557106954321293 0.2725085975580997 0.2583942588609623 0.24376058256784575 0.22898798742279167 0.21441453578879005 0.20057471491454262 0.18799220897046928 0.17703364769572627 0.16790314737644266 0.16095767917013185 0.15653525215687955 0.15483685455174734 0.15586097128608029 0.1595537627732485 0.1659225204827544 0.1747678273678173 0.18557195650174385 0.1974994439412869
