data/Simplextest.asc
ncols 150
nrows 100
xllcorner 0.0
yllcorner 0.0
cellsize 1
NODATA_value -9999 
[rows 19 to 37 of 100, columns 43 to 85 of 150]
0.3501740603899761 0.3474797482876721 0.34520309217134537 0.3433331277071072 0.34187505637938365 0.34086626221293165 0.34033226725217236 0.3402887505277536 0.3407549219623793 0.341765346830324 0.3433333286660718 0.3454648194874563 0.348154089217024 0.351405069422689 0.35520010948990277 0.35948110333504324 0.3641850782945931 0.3692280707602488 0.37451029450684736 0.3799255008065686 0.3853506006307127 0.39068344768956786 0.39585357536072774 0.4008167626758192 0.40555197115422015 0.4100559205708706 0.41432001102312765 0.41834084651632025 0.4221107685349941 0.4256278939359541 0.42888853601655863 0.43188973685022325 0.4346467653940644 0.4371833243523353 0.4395050351299927 0.44159797036380566 0.4434437796168353 0.4450311195862436 0.4463743636316326 0.4474986217451546 0.44845447492406754 0.44932276729006687 0.45018939146227976
0.35701232199736754 0.3540135752834218 0.35142942251756853 0.34925722402835846 0.3475175069350446 0.34626245426817803 0.3455242915549982 0.3453250993418263 0.34568563205099223 0.3466370093818787 0.3481847065046472 0.35033089671276446 0.35306593782815654 0.3563900145662771 0.3602866102004943 0.36470332172662956 0.3695779798670956 0.3748242772458587 0.38033861574699596 0.38601328700004256 0.391716499072707 0.39733901451406645 0.40281150239205177 0.4080893715555832 0.41314639944609943 0.4179639155281156 0.42253171413214635 0.4268458875978653 0.43090385798029374 0.43470162738077295 0.4382270283556856 0.4414722239884805 0.4444382473418062 0.4471535657506282 0.4496268579129331 0.4518347417463029 0.45375598126694705 0.4553865693908863 0.45675126415464995 0.4578931477332604 0.4588675434942813 0.4597468023247076 0.46060304402919827
0.3626930077619448 0.35940762959967965 0.3565318661278448 0.3540769366251592 0.352083007733841 0.35060788199535986 0.34969931602977844 0.3493800332107393 0.3496680164016185 0.3505846410911107 0.35213923138316944 0.35432960471085184 0.3571430406183135 0.36057061439141663 0.36459822420448534 0.3691824611403541 0.374258670727319 0.3797340857276205 0.3855059154378345 0.3914611834136042 0.3974664080077464 0.40341367497939484 0.4092288307862865 0.41485885962765007 0.420269367279389 0.4254324967754465 0.4303329936040711 0.43496627087465156 0.43933483423184483 0.44343618859175493 0.44725989872929445 0.4507855958292233 0.45400359370860344 0.4569380146570907 0.4595981705460042 0.46195579605318454 0.4639943600298717 0.46571915829703986 0.46716336210380804 0.46837672614999837 0.4694205414052871 0.4703596076214098 0.47124518650416
0.36718591242956616 0.3636146161518995 0.36046199458287453 0.3577522383569066 0.35553519885082474 0.35387569608939634 0.3528294731911138 0.35242321191448944 0.3526699597000821 0.35358032797462946 0.35516572048701145 0.35742508226968395 0.3603424861685906 0.36390661373437505 0.3681068332988545 0.372896257085886 0.378200335965457 0.3839256654096093 0.3899705393516396 0.3962217405181373 0.4025469419589492 0.4088420299098654 0.41502757169260396 0.4210361669238344 0.4268317486823936 0.4323734939427688 0.43763361346961194 0.4426120597931721 0.4473191642396182 0.4517525651610791 0.45589891011762507 0.4597374695215871 0.46324909770161493 0.4664436242797816 0.469327764402763 0.47187553077877875 0.4740809232236673 0.4759610569733283 0.4775531033801307 0.4789013803804432 0.48006030756528895 0.48109255978526555 0.4820458595677874
0.37049741117776475 0.36664765258834453 0.3632352346229501 0.36029563457967106 0.35788724430203256 0.3560814706714758 0.35493269954264717 0.354469581355325 0.3546943980085068 0.35561525804455807 0.3572503986271298 0.3595985737468293 0.3626444959924534 0.3663796336922752 0.37079227604458526 0.3758213089421799 0.3813794832636076 0.38737331135969605 0.39370275861707116 0.4002621991812406 0.4069244195550178 0.41358628136418096 0.42015987144960243 0.4265662550757859 0.43276624376283485 0.4387080432440174 0.4443556576764882 0.449710275406247 0.4547827366220408 0.45957680147569674 0.4640731684485476 0.4682461035563304 0.4720786256475388 0.475571239974531 0.4787261153893397 0.48151892157041243 0.48394789969678076 0.4860379136769183 0.4878333783593617 0.48937391469190183 0.4906991432093336 0.4918553088165202 0.4929034602967581
0.3726634409041007 0.3685482902504789 0.36489982317866343 0.361759916229462 0.3591919216617466 0.3572702976058233 0.35604757493550443 0.35554921596348515 0.3557685575711875 0.35671461955207084 0.35840887469960314 0.36085471756463655 0.3640509859430675 0.3679852580276999 0.3726316882317126 0.377920947153757 0.38375845355272076 0.3900437581568188 0.3966756819068552 0.40355765158260587 0.4105751497695867 0.41762015991803575 0.4245948795202874 0.43141355390077213 0.43802680232895214 0.4443818697173364 0.4504435151732686 0.45620553881628173 0.4616702777358831 0.466842245447451 0.47171024419438523 0.47624000697135505 0.4804178615107769 0.48424317098020675 0.48771336085599476 0.49080330483653767 0.4935103230808691 0.49586443513142353 0.49791281124748066 0.4996887019765752 0.501224906963443 0.5025547836500411 0.5037343477222452
0.37373353802262754 0.3693751105214432 0.3655193869899165 0.362211478749149 0.35951397520078043 0.35750595759687565 0.3562309127614617 0.3557044308033901 0.35592699838636 0.3569092399742965 0.3586718654629961 0.3612264583035221 0.36458726338748904 0.3687334857027175 0.3736277143061234 0.37919152927662214 0.3853251737148914 0.3919186907608127 0.3988706297561029 0.4060910621580857 0.41347528382046905 0.4209100883264536 0.42829433636014524 0.43553896218480537 0.4425762791515913 0.4493581206565559 0.45585343271740386 0.46204438790375835 0.46793309286886914 0.47351328616611843 0.4787711012863537 0.48367858065438607 0.48822821451979104 0.49241564106930136 0.4962356031736484 0.4996614535093312 0.5026946679590925 0.5053622476598749 0.5077031738124981 0.5097510835104903 0.5115356009929948 0.5130842128953126 0.5144405692029983
0.37377897140941113 0.36920179072333303 0.36516217452847766 0.3617055972216281 0.3589043801193203 0.3568325811924922 0.35552234675047056 0.3549776415015835 0.3552121091285309 0.35624613883617123 0.35809677167221005 0.3607868386274069 0.36432382861703494 0.3686817324432662 0.3738228478830002 0.37966454783975134 0.38609425004732256 0.3930018660839621 0.4002857479067333 0.40785695191039606 0.4156094004152122 0.4234387057166205 0.43124599193159835 0.43893351420881055 0.44641816817467844 0.45364263199192456 0.46058039360406144 0.467215904250026 0.4735503960046084 0.4795639861177433 0.4852361528918574 0.49054701626954694 0.49549377423249874 0.5000669231793812 0.504260824778656 0.508056073235104 0.5114479920529194 0.5144588495520418 0.5171232838986756 0.5194758586010556 0.5215418597014118 0.5233427950789143 0.5249175489725072
0.3728726927601651 0.3680906869970554 0.3638844705636707 0.360300447197772 0.3574136765604769 0.3552920769649994 0.3539644185432995 0.3534270693124997 0.3537016344591695 0.35481056762671986 0.3567722815674855 0.3596142050986259 0.36333328627208417 0.3678973948347597 0.3732731868419591 0.3793834281877524 0.38610929440996944 0.3933307700239359 0.4009479331141047 0.40887034437885383 0.41699048444401243 0.42522020734036836 0.4334676770941123 0.44161714594853896 0.44956812923850314 0.4572558038308704 0.46465193699290575 0.4717427174849502 0.4785278678970714 0.4849851722385773 0.4910918085506307 0.49682676360784483 0.5021872274810304 0.507163701543257 0.5117529990243104 0.5159412320167216 0.5197194137721711 0.5231028383014066 0.5261197591125965 0.5288019860216504 0.5311745678361048 0.533258937566534 0.5350857091084625
0.37106562539421234 0.36609412545271125 0.3617403538042541 0.35805227004426654 0.35510362405728757 0.3529614484824548 0.35164203609268446 0.35114015828295125 0.35148009488359 0.3526842745837533 0.35477795446845656 0.35778194453298245 0.36168458893722266 0.366453930307875 0.3720534326677658 0.37841508136846713 0.38542903326339706 0.3929626211523112 0.4009069741441874 0.4091729027289036 0.41766333822053725 0.42630105796645507 0.43499784844596057 0.44362343521440595 0.45205676110650705 0.4602267716608126 0.46809821013169434 0.4756515796627535 0.4828863323032384 0.4897887281856489 0.4963383588336824 0.5025091034467278 0.5082931047479182 0.5136853856446743 0.5186842179771055 0.5232830420010315 0.527468530014309 0.531248000408641 0.5346425962267001 0.5376768842357902 0.5403767489838408 0.5427705631658333 0.5448756174532309
0.368413326061644 0.363266356369053 0.35878424290692407 0.355025113683373 0.3520519092664259 0.3499152306554176 0.34862629687382657 0.3481852860218704 0.3486174610197263 0.34994248352109725 0.3521796073700428 0.35534368141133355 0.3594308289103283 0.3644081790899506 0.37022722378677886 0.37682281117294336 0.3841026802530405 0.39193857339568766 0.40021002789044036 0.40881948499058357 0.417683593197409 0.4267310990053589 0.43587292206612366 0.44497895575938584 0.4539084607975884 0.46257397423638524 0.47093269423230727 0.4789572715384792 0.48664638289459483 0.49399283214905987 0.500977730546635 0.5075893205972357 0.5138094031226083 0.5196247520833823 0.5250443547909673 0.5300628099299037 0.5346664230958136 0.5388602912972219 0.5426568591272527 0.5460684625211344 0.5491164452476092 0.5518356396145601 0.554234307706632
0.3649827387984966 0.3596829570805581 0.35510115164139905 0.3512996999580947 0.3483255267203196 0.3462110674099712 0.34497531123981173 0.3446274132459013 0.34518363732758794 0.34664475168896525 0.34902587348960207 0.3523458412587649 0.3566107622915416 0.36178775992539663 0.36782225901220367 0.37464603894862014 0.3821805074331365 0.3903055684452123 0.39889975161584645 0.40785959820346507 0.41710126837581374 0.4265563742816495 0.43613274978259065 0.44570908753253763 0.4551370088980661 0.46430670344944835 0.4731578372153592 0.4816655069984015 0.48982410018661876 0.49761537805115497 0.5050307415713657 0.5120787639723732 0.5187401747932958 0.5249887516599687 0.5308300863326519 0.5362650424302082 0.541293616951477 0.5459146942798981 0.5501277614909018 0.5539353283348163 0.5573505930763949 0.5604086394332537 0.5631141208124018
0.3608384381377697 0.35541911556608213 0.35076681282589717 0.3469409372545944 0.34397469134598635 0.34190108404481456 0.3407482230272312 0.3405208866327808 0.3412193017407982 0.3428270901526187 0.34535888740271553 0.3488392909247717 0.35327407795413535 0.35863803545449224 0.3648806025202969 0.37192818545487066 0.3797098614938391 0.3881194431187789 0.3970341032343445 0.40634697346843696 0.4159721604987257 0.42583347106255254 0.4358348593007317 0.44585775613269235 0.45576301794642593 0.4654338780750219 0.4747869551274271 0.4837871738568949 0.4924240837611896 0.5006729899799788 0.5085284964420013 0.5160114371988388 0.5231100190879333 0.529794712782669 0.5360598518424898 0.5419055407502988 0.5473464721809893 0.5523895598615913 0.5570222558628758 0.5612397287745134 0.5650447046238734 0.5684617327931635 0.5714936595953273
0.3560213577616273 0.3505122831301327 0.3458183867047552 0.34198987241186746 0.33905342297127405 0.337045588948465 0.33599546922683365 0.3359024968950396 0.33675316682800227 0.33852020052425236 0.3412160611529527 0.3448643945113549 0.3494752586526715 0.3550294801473457 0.36147264702463366 0.3687372466482314 0.37675934565366176 0.3854451130834094 0.39467577470963977 0.40434480513144366 0.41435394168063683 0.42461467173760065 0.4350319527066069 0.4454821630054842 0.4558408539863238 0.46599952894949637 0.4758581006090782 0.48536052037048477 0.4944799687310385 0.5031918737095162 0.5115012228977784 0.519427967632245 0.5269645718540362 0.53408578747912 0.5407716431494658 0.5470211408090421 0.5528570493952331 0.5583001728083192 0.5633425119497177 0.5679748752098278 0.5721841777813321 0.5759790792342468 0.5793549958689895
0.35057426589425267 0.34500934167527003 0.34030189127261534 0.3364998275538222 0.33362763382542415 0.3317129749733877 0.33078208411025517 0.33083278162640517 0.331842574733192 0.3337823060467404 0.33665420804539725 0.34047708567784857 0.3452710014068336 0.3510157947742243 0.3576572025281193 0.3651443627752332 0.3734120187580079 0.3823682704872361 0.39190917756161714 0.4019270171466509 0.4123106182720816 0.4229664925243503 0.4337931215816988 0.44466567568242543 0.4554716617787763 0.466098719345358 0.4764450715018937 0.48644211684098965 0.49604402375345324 0.5052239525963034 0.5139935026464937 0.5223704176966867 0.5303459378626828 0.5379004695746338 0.5450046758956377 0.5516536095990832 0.5578764532618596 0.5636988601872706 0.5691292884041057 0.574163733651525 0.5787751743541679 0.5829519485541935 0.5866863908036057
0.3445565146698719 0.3389702886904645 0.3342779427775139 0.3305300943747871 0.32775681293263886 0.32596716263749814 0.3251785894262115 0.3253851223107878 0.3265591138967536 0.3286800373792109 0.33174060374315334 0.33575201925845005 0.34073375593542354 0.34666839079422695 0.35351338938913857 0.3612323694042338 0.3697520051665965 0.3789796680306245 0.38882102977346633 0.3991682899810558 0.4099162993729434 0.42096282470193536 0.43219185471086163 0.4434861905893045 0.454738816100427 0.46582526014017633 0.47663784905846823 0.487108582512386 0.49718114394090474 0.506829995269537 0.5160623602070601 0.5248874294192857 0.5333003302882776 0.5412833592427614 0.5488011315619147 0.5558483993033027 0.5624539984672274 0.568640775496239 0.5744329399827158 0.5798414371058213 0.5848320765537801 0.5893813135766156 0.5934784051171784
0.3380347470983741 0.3324662837156151 0.3278284508349334 0.32417141013302464 0.321522314164047 0.3198784204671748 0.3192477581568238 0.3196225040585461 0.32097491200562817 0.3232909743542084 0.3265570757136871 0.3307717811239109 0.3359476731018347 0.3420748536661855 0.34913133396878837 0.35708509487387363 0.3658573897960765 0.37535596995324466 0.38548659765762416 0.39614787291693426 0.4072480020525815 0.4186760837389735 0.4303072105710217 0.44202175257156445 0.4537083749827172 0.465237994888765 0.4765033451702143 0.48743168590783115 0.4979646694863423 0.5080779587500552 0.5177693032567003 0.5270413730902866 0.5358892432260696 0.5442886975463378 0.5522150825472754 0.5596580225820675 0.5666356358831655 0.5731774278564988 0.5793166269820635 0.5850694373377191 0.5904080902735721 0.5953053910202034 0.5997549266290189
0.33109278396499753 0.3255869008564437 0.32104829350709074 0.31751552092335766 0.3150071903498694 0.3135237201224357 0.3130662653366839 0.3136269265409045 0.31518381512078336 0.31770979387394205 0.3211865975606654 0.3256057152718055 0.33097591850833114 0.3373017612025353 0.34457903224817965 0.35276998235348445 0.3617946103441038 0.371564824977782 0.3819808242513396 0.392950184895577 0.40438481768034307 0.41617791127874826 0.42820407681812583 0.4403304350664605 0.45243882336167407 0.4644031674021625 0.47611265464508434 0.4874895861697573 0.4984804511878276 0.5090554735158801 0.5191999202962225 0.5289065306196918 0.5381702817358368 0.5469715929979059 0.5552908986988316 0.5631150589156737 0.5704565823523722 0.5773504218672063 0.5838324628593218 0.5899140332471304 0.5955829939145852 0.6008157643206525 0.6056025668416166
0.3238185946088622 0.31841427942467926 0.3140116518079923 0.31063772437303133 0.3082998398968257 0.3069988366755672 0.3067320614761642 0.30749281529392114 0.30926408802636957 0.3120047245246198 0.315687817341022 0.3203082473471408 0.3258785226064581 0.33241395623997594 0.3399186354451283 0.34835066691174693 0.35762964638095984 0.36766561264297104 0.37836656938778424 0.38964281837462356 0.4014010471278561 0.4135422112364928 0.425939571842337 0.43846247557825524 0.45098349347449496 0.46337568664049233 0.4755280101012387 0.48735675711915843 0.498806073526799 0.5098334202323083 0.5204172666825218 0.5305473924380498 0.540215144706027 0.5494034145300307 0.5580964665567307 0.5662861529852369 0.5739839712468916 0.5812235848724263 0.5880373889291551 0.594441307974872 0.6004310533522694 0.6059865482630923 0.611098951022035
