data/Simplextest.asc
ncols 100
nrows 100
xllcorner 0.0
yllcorner 0.0
cellsize 1
NODATA_value -9999 
[rows 57 to 75 of 100, columns 0 to 42 of 100]
0.39588152124910525 0.4186884579070792 0.36926543758767966 0.2691740164081176 0.23619469688927353 0.1455986414431948 0.09908149527095023 0.18768632196242246 0.5254179226939055 0.8261424665464902 0.9275463161630372 0.9846291522294242 1.0 1.0 0.8202151777712976 0.5206117658438103 0.4363010801954126 0.280540076251769 0.17062323199435292 0.35729760302253066 0.4116916188618717 0.40205178073389825 0.6068854565926128 0.7676806572983388 0.8519393732225408 0.8158515830215287 0.7936397384485081 0.6648896308753436 0.6339223444226412 0.6048720367346224 0.7498600384388918 0.8359475414307793 0.9146309835694835 0.8926800895223358 0.8434320281492949 0.5560872702124807 0.4573279666303632 0.2453542432040794 0.1624631790004174 0.0790001412212874 0.14683088188066484 0.158307511086901 0.4580396502735741
0.34398227381791124 0.37470953769697446 0.2177510010259654 0.10240217179021593 0.14772724546201244 0.13106350933859828 0.19498081046593624 0.3059672759329396 0.5972225132011867 0.8721621566084105 0.9865848180845157 1.0 1.0 0.9770585117138969 0.6427390236363555 0.6082008765004152 0.5918548076572369 0.4672321246564099 0.4387723173668884 0.4885746804186299 0.47708450774991945 0.6046434873887567 0.7125191648182528 0.7732226199615788 0.7588542233723581 0.7529551065180647 0.6722945664395914 0.6939289509165641 0.6261141461517057 0.6527569790852885 0.7582400157776548 0.8440075154391959 1.0 1.0 0.881233961785183 0.6010522282688615 0.5959842982962719 0.5036045290116888 0.30966697083304384 0.176711863437096 0.10109748459169077 0.18528977747822073 0.3768428830562831
0.10673825139488147 0.1326157354870689 0.059468423304531726 0.03376768662322893 0.06794613458997806 0.20722819930194147 0.328214107873404 0.3899653402652433 0.6931516851863366 0.8743286551942204 1.0 1.0 1.0 0.9359615010276949 0.6352733330714779 0.6027902347774352 0.6212852649878968 0.555176446652119 0.574579028755142 0.6682199202204634 0.6672104505850568 0.6564940108805584 0.6377613255150452 0.682165628164898 0.7290911015241364 0.7718968718552945 0.7620125938560233 0.6894354141325555 0.7211310164213445 0.7578047435678534 0.8154189879804729 0.949209170877471 0.9833864807752657 1.0 0.9060488888737596 0.6322150580545949 0.4633957192294651 0.4680819807467328 0.3224572996262321 0.16191975741330566 0.09337861147243909 0.14839804090326397 0.3713806715073226
0.16496596695892318 0.15221350965010583 0.11544622715137598 0.10419760376965986 0.1809154179043635 0.36808049338948345 0.3951603378566212 0.5059387849480073 0.7581291993534217 0.8215994924881967 0.910343934571227 1.0 1.0 0.9491394776139561 0.7210682280374011 0.6218535520597042 0.6206223728860883 0.6713699009644266 0.7647473153097035 0.7346487868294014 0.7494451640075863 0.7768273203299314 0.7256603656662547 0.6617421507824497 0.6529291245672028 0.7281476202466186 0.6413908903239655 0.7965028871797658 0.6981941739762362 0.7889100902583761 0.9508098864519295 0.9547837295394265 0.9826785154897677 0.755313592377012 0.6062419301665389 0.5729741610121076 0.36851284430503545 0.4303276402575892 0.34555487949169156 0.1583608769702316 0.13599467565197038 0.06796754581705688 0.21519750802996074
0.14217997782431574 0.12329409609265796 0.011421742505576538 0.17976070434236568 0.414601985687284 0.5159266015471465 0.5138341055022242 0.49315331457668427 0.5150629200286708 0.6479238110623864 0.8863889888573506 1.0 0.8766733240343867 0.7259618938282449 0.5941732327053211 0.5492774364526425 0.6455391337534796 0.7055556234716278 0.8589434831678273 0.9287561423881555 0.9495286123932498 0.8840305703280853 0.8452419942977164 0.6649265816606639 0.531222072827484 0.47084618746763635 0.5345959016827192 0.6069305104423308 0.6815852004413899 0.7579751297004287 0.8690272715352934 0.801817684116569 0.7132231941930882 0.648484035069122 0.48818195743441384 0.44719196821813645 0.3633846469514156 0.39313224562596566 0.30631460103799885 0.2702700389147258 0.2241855936931929 0.09220646394459503 0.23073021836803415
0.01031984343936887 0.026079056427825376 0.035421173055226685 0.3244619153831411 0.5233167763814587 0.5368872086089052 0.491833639617112 0.4028254808686482 0.40151363690230457 0.4723044394160649 0.7953343992677655 0.9576003617889766 0.7539075203472803 0.5168727843560839 0.4169902439840706 0.46682226587479037 0.639439486247219 0.7357699700884905 0.9064454384002577 0.9242736527308479 0.9804105322337533 0.8285505630438129 0.8609524818250686 0.7210120255537784 0.5061307705816664 0.43857034548709717 0.46531869294791084 0.5661342138047187 0.6295222207569556 0.5638992059185939 0.5419209551395494 0.5416139574348744 0.5917201878927256 0.5677740332734492 0.4724444889873767 0.2999173072419062 0.2916482154110127 0.26439169867818446 0.31305385187135015 0.19771514544531588 0.18577441839947662 0.1073036476028722 0.24477956584500088
0.10567702596356332 0.14182933841954842 0.05900211233268138 0.21868561322027857 0.5346344946006205 0.6122721173575421 0.5181681697157059 0.44456256643866665 0.33069346011678125 0.4920870028967735 0.6385025146977178 0.7188605978578412 0.6280115229687927 0.38925146913168457 0.3505231801715193 0.33125926299220476 0.5657980413331427 0.6847672994969974 0.833920809042676 0.926834933880359 0.9714295162165115 0.9153148608647328 0.8355148882926784 0.7593788988390583 0.6085966153563866 0.48972068506131516 0.42263848051817726 0.3834263237495516 0.40556182599724794 0.26496539646745787 0.2423870310594377 0.28824729918223835 0.3313383830554435 0.319447670795716 0.34074374934422574 0.23083488505339111 0.2081382257149234 0.2937869863644876 0.15909470111159718 0.16959595733908372 0.09308352317450097 0.14001584261624633 0.2674031571565049
0.21787131281405075 0.22779696544241856 0.16586928022261527 0.16749913567965402 0.3860047958305841 0.49168933910318846 0.4998549451337649 0.44127778894581704 0.41338120186224103 0.4713214690026553 0.4682904145747567 0.49137909648813627 0.47658336663278505 0.22658222777150222 0.2258199974569839 0.2675158485217689 0.40626901125046877 0.5386296854217434 0.6350634700569577 0.8158329929728991 0.8184486689740482 1.0 0.9385732300089447 0.759615935181403 0.6321653984421043 0.5399785144852687 0.41765547176841433 0.2832697871633478 0.22502378731422062 0.0526474729260068 0.055466896122499554 0.0632569934603241 0.12732879106298922 0.22406232102282364 0.26072205975075635 0.34457054292268297 0.48065204743614465 0.41807440538842905 0.24927604391099212 0.15227429211135246 0.1729041994337388 0.15903533835100125 0.18291566422757333
0.3300481386274242 0.24948877632532973 0.3300367431727352 0.20626106849256043 0.33719008558744556 0.36918778523734785 0.2964754533082712 0.2895204618691899 0.3801219678350026 0.2481521601690989 0.27237718943660316 0.31364914889815454 0.3506402410119822 0.21504492098195493 0.2966953213307693 0.36210707001005116 0.3761565566336509 0.5032243951837353 0.4584889537515223 0.6040348903538904 0.7509852199477849 0.8685902519681366 1.0 0.8256224633737019 0.6538879694227779 0.6116316180362237 0.41434930045907004 0.22284636226037202 0.15703998007390346 0.10117480441234605 0.0 0.015121259286448696 0.11913911124052656 0.20748576984402284 0.2756699106673174 0.4094462863896089 0.5011867644398706 0.5737227926776114 0.4087099665249886 0.24544810100676256 0.26243974797815073 0.2331808411827474 0.17332677279511005
0.4115009552373322 0.4480397252060335 0.49770810299901036 0.3738259191788714 0.36490497777774056 0.44904363175997475 0.4744669623216237 0.3187008988468988 0.29769535491361887 0.1316373270342529 0.17538160740261244 0.21354284423737557 0.22667704081084272 0.26918468142874685 0.31006335360416803 0.33749001029129466 0.39142155646615095 0.5030871708709553 0.5027987780742308 0.5715805498796284 0.6720344638369524 0.8239573065325441 0.8360566579721715 0.9384807601285858 0.8019699175497716 0.7153121676488572 0.4541665250514389 0.21663461220443847 0.1435264564443367 0.1754813078468792 0.06692613874767572 0.056614427171518544 0.0878750250205591 0.21810517177539335 0.31597053407201603 0.47450777381433834 0.5009639186871139 0.4952327856219623 0.3807961768232976 0.24540363960414868 0.37040091577766904 0.3467186019655081 0.23577728263261993
0.6108030474960551 0.531438798176005 0.3920844556793355 0.2860474970232033 0.28182992761083436 0.5483472570993604 0.5373518892885729 0.5013967837169322 0.41225013342992556 0.14690505624558292 0.22962943733730756 0.21611143224283647 0.1830527622137928 0.19824149343126002 0.13219971607371256 0.2002861699315821 0.2560888865789371 0.4282472471835778 0.5319022983558488 0.5053349749044919 0.5758941110934989 0.6895201121020271 0.783370834410745 0.8880300295725461 0.8621939551620179 0.7680230791456921 0.48356261368045417 0.28990839649218536 0.11473685733919359 0.12983916512833282 0.12129994110388354 0.08574845087138183 0.054353306044683414 0.09715847343441769 0.35476270787397257 0.32703086141917964 0.4863857962056576 0.4806019019184457 0.28813294265821554 0.21303272534086193 0.26442860204532725 0.2986560809188787 0.21162897414285542
0.7867305671222926 0.6337194619963269 0.3822813270142903 0.23462305255214355 0.2688611157794053 0.4520187839906842 0.5623242922433712 0.6246722070080503 0.45999361085470836 0.2963796920295999 0.3547064569330934 0.2907102378300548 0.2734137492479002 0.22643948162061234 0.1988199094724613 0.20138037629119082 0.2845212340258364 0.2615262466181467 0.38538342556951516 0.5363672841062546 0.5843605396460099 0.6454768037058979 0.7690384243247013 0.8420831146934613 0.9427437536999405 0.7658823967943043 0.6901038062436085 0.5185614111624811 0.3862615567671824 0.18747693574023655 0.27094375059110787 0.3075641657025815 0.2423969531003763 0.29527904958383056 0.4031740868830176 0.3542736759537846 0.48482779703005663 0.4569464252198612 0.3697759185344941 0.2242201154115775 0.23771073346031513 0.26799910214642086 0.19971778219917674
0.8686322573007902 0.6732050221616874 0.47786136489347747 0.31420638500409226 0.38631278319272566 0.5114027002028451 0.6132900414111353 0.5653687297672946 0.4754236419747329 0.33115018166639043 0.29202940346465733 0.3295310633992989 0.357411787475539 0.3192645774059231 0.24346635562830565 0.2434239177899693 0.27998004758241335 0.2700468449193478 0.231079467382881 0.34250814905987803 0.45221019712403 0.5522372127057944 0.7372646107714893 0.9573359336566868 0.8441206377533874 0.8989462893383223 0.8476164894503555 0.8084619644925054 0.816509741391263 0.6147929939675701 0.5136954476087014 0.5257451465274542 0.44851540489302416 0.4500078756073661 0.3938513372465172 0.4693393761130205 0.5989963507091922 0.5048027614854695 0.3213103083079273 0.19859001798236398 0.21856010068953163 0.2564240418706641 0.15120024870609738
0.8765393167389111 0.7966919200406859 0.5802398650019048 0.33879190628009925 0.47263645292358913 0.5294582263117004 0.6811259213218772 0.6769041659844472 0.689777002674626 0.5812294718796633 0.46796898341214516 0.40731380851311016 0.3516056032536521 0.29224847826818573 0.19433847773105106 0.2565133063672606 0.21289632702585115 0.25551528138849233 0.1655850832814142 0.20925309008334259 0.24415615912883915 0.3113932783815213 0.5545648731179681 0.9121596514451134 0.9220216335215501 0.8150519255893168 0.8841480737280849 0.9401183920867746 0.9817900552477372 0.8505696992669783 0.7030371268500821 0.6188202865521595 0.5676021725108263 0.6380887569870093 0.6305492757868051 0.6499555629353646 0.7296571256020188 0.6290009748780057 0.48100719158964106 0.33683721424133556 0.2917792892493132 0.27870041091237097 0.18997601862569807
0.8534263570322114 0.7963876689621092 0.7243193183551347 0.5493453035619612 0.6662647045410982 0.6932465965513701 0.6021020367514187 0.6626967272249119 0.770852153058683 0.8145292194357647 0.7657277461265268 0.7367170162122091 0.4906193426950991 0.2985520930074611 0.17306704446355614 0.22406024569102628 0.20677818396420278 0.1220849734723441 0.19015202101166323 0.2182988673769749 0.1780839268096307 0.30136514556709004 0.44078293631918086 0.7948229685237418 0.7917878597503811 0.8724882391518143 0.8263165189435618 0.9162538790266755 1.0 0.9626089128640813 0.8697197373999846 0.8445691370783 0.8056282817317091 0.7805255461058014 0.7588935616262145 0.7301783296516083 0.6875360358480088 0.5738773011536221 0.38251829538085746 0.4359907761713363 0.5035000500067157 0.40907853353497103 0.2768776651369099
0.8110766793301207 0.8600758287396035 0.8701187733440738 0.7590219428626416 0.7731127386623304 0.8087985574871897 0.7805066037049398 0.7167707274616919 0.8232763242094667 0.7352765905498417 0.834847933174777 0.7408410083522659 0.5222514127892266 0.42083990243252073 0.29390356683567864 0.10834747100591863 0.08165566401263052 0.013782626460704661 0.19969098153188264 0.26217561589145627 0.24311209064243022 0.274216037921827 0.44994193074723243 0.5609238122573429 0.6247201425882725 0.8383619276475793 0.7790875048997237 0.7496932986083611 0.8615664978645885 0.9717164323346382 0.935613711343117 0.9456008253655462 0.7981929436488832 0.755584632688824 0.749204360228543 0.8511304694830213 0.7687020592957328 0.5662497032890753 0.5833538181838289 0.5622309151618929 0.5848427035309713 0.5419520487660335 0.41677241166056833
0.7110631183743278 0.8037887611035439 0.8622636499059502 0.8857230587630043 0.875819951824106 0.8350001463500581 0.7115050981891149 0.6610773940064536 0.6187573211330143 0.5872218315206387 0.7526592900802959 0.7075639857572875 0.4335388035089525 0.2954106699452255 0.20296256343219693 0.06552008340738635 0.0 0.0 0.0 0.1543460348119136 0.13894320777600622 0.2211653842468161 0.4536395706794111 0.5239815491035813 0.470726433917239 0.6401152440029498 0.7116806796941515 0.6574474316589575 0.7626227473570263 0.7701083459993372 0.739540633620688 0.7664146965949634 0.7187517517947859 0.7329431811283083 0.7682234936839581 0.8307865661134367 0.7855706831285894 0.7837393902006621 0.7818482953047363 0.7345387964581905 0.6798192605788997 0.6101079249236092 0.554128187320335
0.6893387512867224 0.7620116417890319 0.8357810200944974 0.9138157857442318 0.8664137906993152 0.8627665277123917 0.6890015252308554 0.680965864297771 0.5270593288530491 0.4914014704830115 0.6891380679702093 0.6515214108158955 0.4106949692427249 0.290369027035593 0.12395576256025692 0.049400317446977815 0.0 0.0 0.0 0.17236193967020064 0.1585067492493103 0.24041715963585109 0.4166739934193362 0.46399558171067184 0.4788517435937629 0.4898654792417068 0.6110313715245435 0.5978315044574097 0.6993461760339029 0.8025735480134857 0.7542079032624727 0.7509430292115045 0.782049196469715 0.7843128626493185 0.807975107633139 0.744590210798036 0.853742352825724 0.8747888945663966 0.926787369895382 0.8575917572000213 0.6691431113461177 0.5895924107970855 0.6732636205640377
0.7047297475796465 0.7836189810444347 0.8719064646185959 0.8796459265972174 0.8896847133469947 0.8474983484971385 0.8045349786355419 0.7679390522729836 0.5096983170547524 0.4489141189940224 0.5605459353790446 0.5424752055197085 0.43386737561365696 0.31560908512701347 0.22186783152999495 0.10304377383789998 0.05252146937421864 0.0 0.01909795068359066 0.11450624398029463 0.19271237535220126 0.21992985744816373 0.3260605223869459 0.3876665041970293 0.41950780976919966 0.36939678654790464 0.429592745842958 0.48652332764457 0.5339556140716942 0.6762024906857449 0.6452139568948383 0.6569583549476141 0.5701245745432375 0.7162389596446855 0.6797971384889367 0.6507521637517453 0.8714424072160076 0.9381884250301926 0.8902596954993784 0.8244494723314315 0.7537177783599859 0.7064351225042084 0.6458656489676992
