data/Simplextest.asc
ncols 150
nrows 100
xllcorner 0.0
yllcorner 0.0
cellsize 1
NODATA_value -9999 
[rows 19 to 37 of 100, columns 0 to 42 of 150]
0.7729928342928988 0.7572954558289178 0.7413072028199864 0.725126349377967 0.7088639074747378 0.6926171915863001 0.6764975426288232 0.6606219213789799 0.6450947639359919 0.6300264123398509 0.6154971386175535 0.6015421343283809 0.5881876405933105 0.5754676308923145 0.5633992329174046 0.551945921626118 0.5410602328665788 0.5307012367485565 0.520819180110633 0.5113657382886148 0.5022894103678397 0.49353708036318306 0.4850571005284096 0.47678653963561696 0.4686638950118535 0.4606399650702947 0.45268068135594486 0.4447728498449729 0.43692521136388696 0.42916629467924194 0.4215281010430243 0.41404771218068764 0.40675616822288596 0.39969855221508876 0.39294854439255056 0.3865620460343051 0.3805666675010473 0.37498311072237306 0.3698133719470753 0.3650554669164702 0.36072181427643213 0.35680663511401134 0.3532877882394132
0.7822951812755476 0.7670789754781915 0.7515509882818303 0.7358100452006264 0.71996859903241 0.7041263052931545 0.6883921279675154 0.6728767609628019 0.6576823109027923 0.6429215078525351 0.6286580684235588 0.614927221138572 0.601756979101907 0.5891780524896496 0.5772061387262977 0.5658082095752038 0.5549384115479188 0.5445513905183226 0.5346027517849617 0.5250492094747686 0.5158372772570662 0.5069148137399621 0.49822021200593425 0.48969331673944955 0.4812916357004837 0.47298304340644354 0.4647384681964268 0.4565421616217007 0.4483986029548565 0.44033681994567964 0.4323930999658851 0.4246043958237896 0.4169947601750985 0.4096094991824355 0.40252916360610036 0.3958141161556694 0.3894940342575793 0.3835947985998781 0.37812308757798224 0.37307294471673624 0.3684471706152148 0.3642357912126364 0.360422112270973
0.7909118968807761 0.7761884286661748 0.7611332624573788 0.7458399633707411 0.7304166667036882 0.7149761232240734 0.6996281773626607 0.6844728512188601 0.6696130697971665 0.6551570621760416 0.6411603987024908 0.6276569294272256 0.6146733229608167 0.6022324027119276 0.5903470950162367 0.5789881649805738 0.5681109858381316 0.5576712838723744 0.5476342093620377 0.5379626350266032 0.5285999770009662 0.5194744882113486 0.5105249856171741 0.50170667676145 0.49300086878231203 0.4843906799109235 0.47585492253558326 0.4673751219601824 0.4589444179239416 0.45058735046891407 0.44233701855928254 0.43422775822990534 0.4262851903155787 0.41855096231458416 0.41110757136686416 0.40402820722003513 0.39735449511340976 0.3911077086968953 0.3852995039611379 0.3799320037963302 0.37500440608118557 0.37049759262293847 0.36639099335733144
0.7988044073906144 0.7845789119692641 0.7699954300871537 0.755148953955897 0.7401467092944648 0.7251049417817702 0.7101424800704867 0.6953529032389782 0.6808320550081591 0.6666775835174796 0.6529465177418197 0.6396689190718001 0.6268683038661229 0.6145619248397748 0.6027531101436779 0.5914114779055843 0.5805048442864467 0.5699958237035568 0.5598534396436996 0.5500419006019279 0.5405011245114609 0.5311474826307931 0.521921716975246 0.512799750836064 0.5037760000590048 0.49484946543696084 0.4860129509504023 0.47724459740851793 0.4685238024290882 0.4598700198933088 0.4513065015037978 0.44286168914711666 0.4345735342070631 0.4264832563336482 0.4186643975444574 0.41119280891589505 0.4041300983614884 0.39750766077838073 0.39133959556288433 0.3856321348568619 0.38038424312397906 0.37557474314288236 0.3711743678122281
0.8059063604704442 0.7921766694643045 0.7780610081553907 0.7636641578185575 0.7490921713625909 0.734462674092387 0.7198903680479761 0.7054721561487266 0.6912932759037616 0.6774329251979334 0.6639567079557983 0.6508974703301462 0.6382726362595259 0.6260924889754371 0.6143466233590864 0.6030077173042355 0.5920510339013515 0.581450090962825 0.571180933160915 0.5612037017490834 0.5514605443626442 0.5418627722614792 0.5323536181247134 0.5229217091026206 0.5135766326283044 0.5043314206113035 0.495181134212651 0.486106434908041 0.47708375654834057 0.46812313108178616 0.4592387684918769 0.45045655279924185 0.44181902558747066 0.43336693259389664 0.425167541283252 0.41729362904648815 0.40982198535385717 0.40279865447795804 0.39624779662212983 0.3901830186553753 0.38459898874194787 0.379475080041099 0.3747753957451053
0.8121218981313144 0.7988922107064131 0.785259530855365 0.7713279119608127 0.757204968964828 0.7430036231333799 0.7288315255406269 0.7147856050041463 0.7009413748021658 0.6873725331736668 0.6741435434396693 0.6612876862472672 0.6488235903853332 0.6367532454050482 0.6250598784164543 0.6137164497724208 0.6026934701713849 0.5919776867730038 0.5815555758986041 0.5713877305223337 0.5614192966415952 0.5515684300278887 0.541776816836186 0.5320408538383948 0.5223818939766923 0.5128204671149881 0.5033480214323004 0.49394751288331734 0.4846038129120201 0.4753212003038261 0.4661068730209617 0.45698256042271623 0.44798955427728837 0.4391654636555815 0.43057718879383566 0.4223015235301436 0.4144190267477763 0.4069895229333593 0.4000473859198919 0.39360811327257017 0.3876774726074008 0.38222930096810354 0.3772267830344378
0.8173563172466664 0.8046381158272846 0.7915124139629734 0.7780759902731821 0.7644335070539392 0.7506802330369537 0.7369157318986903 0.7232365587288785 0.7097245382688068 0.696449745808198 0.6834654242234182 0.6708022755974683 0.6584757742600182 0.6464883010599886 0.6348232737657957 0.6234583104255108 0.612363621376475 0.6015245659004695 0.5909323561563827 0.5805502072166266 0.5703330688141584 0.560216800324584 0.5501491704905069 0.5401250037262901 0.5301664189608153 0.5202906798559971 0.5104969016018034 0.5007626342942966 0.4910804033693806 0.4814575462793303 0.47190124539269485 0.46242960436266556 0.453071486820032 0.44386613760088367 0.4348876220190074 0.4262138528793852 0.4179254386883238 0.4100963563623538 0.40276833326356054 0.39595226021140184 0.3896599121555533 0.3838765676348548 0.3785705150791856
0.8215165521966081 0.8093332105157383 0.7967372812945833 0.7838236491846777 0.7706864521339623 0.757400288528054 0.7440571155765718 0.730756097621187 0.7175832489833184 0.704602957923133 0.6918593931701732 0.6793797239994701 0.6671708623814434 0.6552402948203434 0.6435774342989571 0.6321657605721287 0.6209826069547232 0.6100104187079955 0.5992348442771813 0.5886327661926314 0.5781606148129856 0.5677714247565545 0.5574290872180735 0.5471281446525037 0.5368851616093632 0.52670867271307 0.5165964900381098 0.5065305650733039 0.49650420363364356 0.48653099904241387 0.47662286489592837 0.4668030731562893 0.4570800263809594 0.4474906141749266 0.43812356716928896 0.42906108710432517 0.42038120816010605 0.4121620154699519 0.4044480873925608 0.3972568896990223 0.3905994850392678 0.3844736945592635 0.37887170903945233
0.8245291142206672 0.8129016638598459 0.8008655922070451 0.788495766694921 0.7758723940078063 0.7630661006737349 0.7501633173442773 0.737257311138958 0.7244316251496816 0.7117504539810042 0.6992478947954267 0.6869418956854789 0.6748364150034698 0.662943161517131 0.6512640913143108 0.63978714140971 0.6284940252902549 0.6173726693424766 0.6064104881852854 0.5955900747374274 0.5848698824623512 0.5742118620199128 0.5635998626718196 0.5530295753233985 0.5425134775442002 0.5320485649367747 0.5216207785820208 0.5112213851272289 0.5008595013071944 0.4905426815955628 0.480286668698242 0.4701160763169154 0.46003334927450845 0.45007120774782367 0.4403231791218193 0.43088166662889327 0.4218251835314988 0.4132243227856622 0.4051289139784275 0.397565012655895 0.39055022733912914 0.38409456886566096 0.3782076700847317
0.8263371434930871 0.8152889532418246 0.803833578399738 0.7920191634794118 0.7799222964216651 0.7676105272281007 0.7551611318607241 0.7426627003992942 0.7301930526852951 0.7178112472996355 0.7055448539586072 0.6934075084163855 0.6814041102589458 0.6695451839325637 0.6578413741924828 0.6462940159163308 0.6348847262956405 0.6236003048837836 0.6124422984694935 0.6014031971096186 0.5904450641645786 0.5795343088733075 0.5686648299246067 0.5578313207123304 0.5470424605513409 0.5362941799030678 0.5255576363085033 0.5148318150491107 0.5041385570457669 0.49348458249665766 0.4828884867451241 0.4723703298116455 0.4619322051514196 0.451616390616233 0.4415074888069199 0.43169608513846125 0.42226556814569827 0.41329020195531674 0.4048299647617214 0.39691147408189403 0.38955959172175414 0.38279549286489234 0.37663242130173447
0.8268955442146536 0.8164444529341572 0.8055808660864966 0.7943358730467192 0.7827781225621017 0.770972522090626 0.7589877673915396 0.7469060792583714 0.7347906140980052 0.7226985370209715 0.7106644360658445 0.6986970423147751 0.6867988839714905 0.6749846994061465 0.6632684146949859 0.6516520207192732 0.6401208402127896 0.6286694702110717 0.6173156993253388 0.6060623290701758 0.5948797421654529 0.5837367423086975 0.5726261284186757 0.5615381248860959 0.550481463213199 0.5394479815227843 0.5284070644058727 0.5173646844288625 0.5063430517350674 0.49535798616035803 0.4844253194655546 0.4735553219952491 0.46276253341221607 0.4521010268588014 0.4416516900276702 0.43149052166827156 0.42170486224260284 0.4123782929372383 0.4035779844203463 0.39533411385279693 0.38767664457319334 0.38062926917891804 0.3742033373017515
0.8261715684233419 0.8163270125861752 0.806062876268972 0.7954008886025852 0.7843934446553533 0.7730985898427547 0.7615869899047811 0.7499223856999031 0.7381573545757691 0.7263483626328124 0.7145418990180372 0.7027479305088752 0.6909666358567269 0.6792103282496804 0.6674909050422111 0.655809486607346 0.6441617427248711 0.6325553530421628 0.6210170006186423 0.6095593335948299 0.5981635567025414 0.5868031664035976 0.5754636589307744 0.5641340312943351 0.552818201874961 0.5415025433770932 0.5301723292488951 0.5188261336483189 0.5074865642971467 0.49617178159739456 0.48489293422863033 0.4736652328345942 0.46251996592241074 0.45151961905317367 0.44074180998696044 0.430255297582957 0.4201461831673319 0.4105058840412005 0.4013982575298566 0.39286265203294246 0.3849346697438083 0.3776341593316607 0.3709738260728579
0.8241500456742326 0.8149157260633888 0.8052507158903643 0.7951699399714054 0.7847155509463365 0.7739392450869351 0.7628996208740424 0.7516493541601205 0.7402374315141319 0.7287155897286437 0.7171344071561954 0.7055197745226263 0.6938707163611968 0.6821826572397147 0.6704633561397727 0.6587244894992501 0.6469712985548102 0.6352217649395266 0.6235105074236752 0.6118604728473508 0.6002631855637063 0.588695674606531 0.5771380779665867 0.5655782890531067 0.5540175101614205 0.5424429518247473 0.5308457231535832 0.5192216815660681 0.5075812106506157 0.4959381108271333 0.48430765915127694 0.47272134600285354 0.461224418119496 0.4498912348743771 0.43880105811640535 0.428014294117558 0.417613543493957 0.4076960502485349 0.39832463668067575 0.38953500503751803 0.38136542734449547 0.3738440258086495 0.3669898200685894
0.8208251871129526 0.8121992500866959 0.8031246710904496 0.7936136346687177 0.7837077130674551 0.7734506839011712 0.7628824637520373 0.7520430108995474 0.7409837155341953 0.7297565349047875 0.7184125040730288 0.7069835512681057 0.6954670228902762 0.6838539745839305 0.6721458259373376 0.6603594132936645 0.6485123792006952 0.6366311237470734 0.6247646596646316 0.6129375796966794 0.6011504872183171 0.5893832258965565 0.5776147132255856 0.5658335763143252 0.5540481487092309 0.5422434020525203 0.5304090884603706 0.5185372990981661 0.5066190226881032 0.49466091819893465 0.48269260112585355 0.47076453865131646 0.45893183315080527 0.4472726514106015 0.43587978765511093 0.4248184782934628 0.4141581766327565 0.40399155671558395 0.3943847515907849 0.38537679531115365 0.3770049673490109 0.369301431716258 0.362295196507604
0.8161936884238685 0.8081724506274756 0.7996766536072764 0.7907274098006158 0.7813606846325444 0.7716093377336725 0.7615047719046144 0.7510760369837912 0.7403678554378024 0.7294397885370416 0.7183432667367797 0.7071083452837554 0.6957310871343497 0.6841992370270453 0.6725086327397554 0.6606871802705294 0.6487636883580843 0.6367764859927936 0.6247723031239454 0.6127802491747313 0.6008149750432579 0.5888598073136783 0.5768943445827404 0.5649099596524376 0.5529171795426534 0.5409092658019788 0.5288683131862766 0.5167750070497623 0.5046029781313046 0.4923577604149888 0.4800790310637592 0.46783469083696083 0.45569220438291214 0.44372959648864463 0.43204540209658593 0.42072375919933763 0.40983043782751205 0.39944666752093294 0.38962890525031646 0.3804330031633608 0.37190387335058167 0.36406316051514354 0.35694023290725435
0.81025156371342 0.80283012558023 0.7949117958520471 0.7865190364420609 0.7776786659446701 0.7684181410826507 0.7587648727242555 0.7487444828033243 0.7383909566160669 0.7277629189065743 0.7169137335388981 0.7058766808039605 0.6946453058143041 0.6831977028635178 0.6715365145160939 0.6596984416170102 0.6477199255452281 0.6356428737271634 0.6235132465788545 0.6113689000130198 0.5992416732273101 0.5871220474567184 0.5749899587994369 0.5628345417121329 0.5506637888317332 0.53847887123774 0.5262577277554452 0.5139655947735748 0.5015667002823074 0.4890672880048111 0.4765122815604133 0.46397770470615796 0.4515488238367927 0.43931267844527533 0.4273698039582902 0.41581230439531597 0.4047049680971044 0.39412064096877725 0.38411921043241437 0.3747688268286367 0.36611833275098704 0.3581791040860203 0.3509769760014315
0.8029936856922254 0.7961782257585083 0.7888432382075952 0.781003580860963 0.7726837923170335 0.7639053150476418 0.7546889031045758 0.7450632481923167 0.7350606886204482 0.7247328239870181 0.7141279277453023 0.7032823622334956 0.6921889941876145 0.6808263428637917 0.6692079611345918 0.6573720480666376 0.6453580531342189 0.6332079592442461 0.6209720275809061 0.6087027428646475 0.5964450353276264 0.5841916648282462 0.5719268230584875 0.5596343886576165 0.5473264684763898 0.5350007434736607 0.5226242517055595 0.5101571968000553 0.4975630441318838 0.4848439685588393 0.4720497859722625 0.45926381386611065 0.44657416820763246 0.4340931909749236 0.42192639576991753 0.41016376767837764 0.398868739597504 0.38810707854345106 0.37794903996368584 0.36847241934980113 0.359723852255433 0.35171593797880185 0.3444705935161242
0.7944364228497214 0.7882302392172738 0.7814774101898693 0.7741886593054847 0.7663869883583403 0.7580847333078661 0.7492956356660188 0.7400496617972556 0.7303885997115358 0.7203604093603351 0.7100033786841796 0.6993412228378668 0.6883700454308689 0.6770855732382486 0.6655154759421047 0.6537058888772271 0.6416857276699895 0.6294949661274025 0.6171888707844787 0.6048298799654963 0.5924709722182613 0.5801159381473464 0.5677534447724887 0.5553690389887821 0.5429659363595291 0.5305297904689988 0.5180230064272109 0.5054088584249271 0.49265235981842503 0.4797513438869476 0.46675807133434416 0.4537561328586037 0.44084526436729554 0.42815649762930813 0.4158002769084438 0.40386326541327405 0.39240877336771507 0.3815006727280581 0.3712146034923406 0.36163044281580964 0.35280539495556734 0.34475915016563696 0.3375059661482683
0.7846143581669406 0.7790117373749825 0.7728366163423341 0.7660953041112177 0.7588003464786336 0.7509689910886891 0.7426127456461606 0.7337521696112677 0.72442895832674 0.7146886231491663 0.7045668756862635 0.6940805073649986 0.6832300107920579 0.6720291708282233 0.6605151814469492 0.6487489236822329 0.6367559388307875 0.6245645961828238 0.6122302095795851 0.5998202926501097 0.5873951886283181 0.5749714167040773 0.5625458813391782 0.5501027117371747 0.5376342770430584 0.5251179848210318 0.5125130992403379 0.49978191816836093 0.48688997019174923 0.47384255684098514 0.4606895555872803 0.4475116966556009 0.43442409774308105 0.42156624666143827 0.4090566344450714 0.39697861845376076 0.3853914088899727 0.37436701247899806 0.3639859475261764 0.354325779925391 0.34544868719842164 0.3373885366377824 0.3301652866929314
