data/testValue.asc
ncols 100
nrows 100
xllcorner 0.0
yllcorner 0.0
cellsize 1
NODATA_value -9999 
[rows 75 to 99 of 100, columns 0 to 56 of 100]
0.70478 0.78478 0.87478 0.87478 0.88478 0.8447800000000001 0.80478 0.76478 0.50478 0.44478 0.5647800000000001 0.54478 0.43478 0.31478 0.22477999999999998 0.10477999999999998 0.054779999999999995 0.0 0.014780000000000015 0.11478 0.19478 0.22477999999999998 0.32478 0.38478 0.41478000000000004 0.36478 0.42478 0.48478 0.53478 0.67478 0.64478 0.65478 0.5747800000000001 0.71478 0.6847799999999999 0.65478 0.87478 0.9347799999999999 0.89478 0.8247800000000001 0.75478 0.70478 0.64478 0.61478 0.59478 0.55478 0.58478 0.49478 0.47478 0.38478 0.54478 0.72478 0.67478 0.67478 0.74478 0.8447800000000001 0.96478
0.75478 0.69478 0.72478 0.90478 0.94478 0.8147800000000001 0.8347800000000001 0.76478 0.50478 0.51478 0.59478 0.72478 0.66478 0.51478 0.33477999999999997 0.09478000000000003 0.10477999999999998 0.014780000000000015 0.07478000000000001 0.10477999999999998 0.20478000000000002 0.24478 0.28478000000000003 0.24478 0.32478 0.30478 0.24478 0.35478 0.46478 0.53478 0.36478 0.34478 0.44478 0.59478 0.52478 0.53478 0.70478 0.77478 0.8347800000000001 0.86478 0.71478 0.6847799999999999 0.61478 0.6847799999999999 0.62478 0.63478 0.69478 0.65478 0.60478 0.43478 0.48478 0.5647800000000001 0.53478 0.54478 0.61478 0.85478 0.8347800000000001
0.80478 0.71478 0.78478 0.79478 0.78478 0.78478 0.9347799999999999 0.8147800000000001 0.69478 0.6847799999999999 0.75478 0.86478 0.8347800000000001 0.75478 0.53478 0.28478000000000003 0.19478 0.03478000000000003 0.044779999999999986 0.09478000000000003 0.25478 0.26478 0.31478 0.24478 0.16477999999999998 0.07478000000000001 0.12478 0.30478 0.35478 0.23478 0.054779999999999995 0.12478 0.21478000000000003 0.43478 0.46478 0.42478 0.51478 0.54478 0.8347800000000001 0.87478 0.80478 0.75478 0.61478 0.64478 0.61478 0.66478 0.67478 0.58478 0.48478 0.41478000000000004 0.37478 0.45478 0.49478 0.52478 0.59478 0.75478 0.74478
0.64478 0.76478 0.79478 0.79478 0.78478 0.87478 0.97478 1.0 0.80478 0.79478 0.74478 0.78478 0.86478 0.79478 0.64478 0.21478000000000003 0.09478000000000003 0.15478000000000003 0.17478 0.27478 0.31478 0.36478 0.31478 0.20478000000000002 0.15478000000000003 0.0 0.08478000000000002 0.20478000000000002 0.15478000000000003 0.15478000000000003 0.024780000000000024 0.054779999999999995 0.24478 0.29478000000000004 0.30478 0.35478 0.25478 0.31478 0.50478 0.76478 0.75478 0.73478 0.65478 0.65478 0.71478 0.71478 0.63478 0.50478 0.40478000000000003 0.30478 0.18478 0.28478000000000003 0.39478 0.49478 0.51478 0.60478 0.66478
0.42478 0.65478 0.8447800000000001 0.85478 0.96478 1.0 1.0 1.0 0.85478 0.78478 0.75478 0.86478 0.9347799999999999 0.87478 0.53478 0.29478000000000004 0.18478 0.23478 0.24478 0.28478000000000003 0.37478 0.40478000000000003 0.40478000000000003 0.33477999999999997 0.11478 0.014780000000000015 0.024780000000000024 0.0047800000000000065 0.0 0.0 0.0 0.06478 0.36478 0.36478 0.26478 0.27478 0.23478 0.21478000000000003 0.34478 0.58478 0.6847799999999999 0.66478 0.63478 0.73478 0.79478 0.72478 0.63478 0.45478 0.43478 0.30478 0.13478 0.24478 0.31478 0.35478 0.42478 0.50478 0.55478
0.32478 0.50478 0.77478 0.99478 1.0 1.0 1.0 1.0 0.9347799999999999 0.75478 0.8147800000000001 0.96478 0.95478 0.88478 0.69478 0.35478 0.24478 0.30478 0.34478 0.31478 0.28478000000000003 0.22477999999999998 0.41478000000000004 0.38478 0.22477999999999998 0.13478 0.014780000000000015 0.0 0.0 0.11478 0.16477999999999998 0.19478 0.45478 0.48478 0.36478 0.23478 0.17478 0.17478 0.27478 0.51478 0.59478 0.64478 0.62478 0.6847799999999999 0.78478 0.73478 0.66478 0.5747800000000001 0.58478 0.43478 0.21478000000000003 0.07478000000000001 0.14478000000000002 0.23478 0.35478 0.40478000000000003 0.50478
0.16477999999999998 0.29478000000000004 0.66478 0.95478 1.0 1.0 0.94478 0.99478 0.9247799999999999 0.8147800000000001 0.74478 0.86478 0.94478 0.85478 0.71478 0.50478 0.38478 0.34478 0.30478 0.30478 0.24478 0.25478 0.27478 0.26478 0.23478 0.10477999999999998 0.08478000000000002 0.0047800000000000065 0.08478000000000002 0.31478 0.34478 0.44478 0.59478 0.61478 0.44478 0.23478 0.22477999999999998 0.14478000000000002 0.17478 0.36478 0.50478 0.64478 0.78478 0.85478 0.76478 0.69478 0.75478 0.69478 0.61478 0.44478 0.37478 0.23478 0.09478000000000003 0.14478000000000002 0.21478000000000003 0.27478 0.49478
0.12478 0.30478 0.65478 0.8147800000000001 0.86478 0.97478 0.96478 0.88478 0.78478 0.8447800000000001 0.77478 0.73478 0.77478 0.85478 0.8247800000000001 0.69478 0.58478 0.46478 0.41478000000000004 0.35478 0.41478000000000004 0.41478000000000004 0.35478 0.27478 0.27478 0.17478 0.08478000000000002 0.15478000000000003 0.25478 0.35478 0.43478 0.50478 0.5647800000000001 0.5747800000000001 0.40478000000000003 0.29478000000000004 0.25478 0.19478 0.20478000000000002 0.36478 0.45478 0.62478 0.73478 0.72478 0.71478 0.73478 0.85478 0.8347800000000001 0.63478 0.55478 0.51478 0.40478000000000003 0.28478000000000003 0.23478 0.17478 0.32478 0.5647800000000001
0.08478000000000002 0.24478 0.48478 0.63478 0.70478 0.86478 0.9247799999999999 0.8147800000000001 0.61478 0.72478 0.64478 0.60478 0.6847799999999999 0.77478 0.79478 0.6847799999999999 0.75478 0.61478 0.54478 0.54478 0.58478 0.45478 0.42478 0.39478 0.37478 0.16477999999999998 0.22477999999999998 0.27478 0.20478000000000002 0.33477999999999997 0.47478 0.52478 0.5647800000000001 0.53478 0.45478 0.37478 0.29478000000000004 0.30478 0.29478000000000004 0.42478 0.42478 0.46478 0.44478 0.46478 0.53478 0.59478 0.80478 0.77478 0.8447800000000001 0.64478 0.48478 0.41478000000000004 0.31478 0.22477999999999998 0.20478000000000002 0.33477999999999997 0.65478
0.06478 0.08478000000000002 0.27478 0.50478 0.72478 0.78478 0.79478 0.69478 0.53478 0.51478 0.35478 0.43478 0.5647800000000001 0.65478 0.70478 0.67478 0.8147800000000001 0.75478 0.65478 0.67478 0.61478 0.50478 0.43478 0.43478 0.39478 0.10477999999999998 0.11478 0.14478000000000002 0.14478000000000002 0.39478 0.49478 0.51478 0.70478 0.73478 0.73478 0.53478 0.46478 0.43478 0.44478 0.48478 0.46478 0.41478000000000004 0.37478 0.41478000000000004 0.44478 0.43478 0.5647800000000001 0.66478 0.63478 0.59478 0.48478 0.43478 0.35478 0.24478 0.19478 0.36478 0.66478
0.014780000000000015 0.014780000000000015 0.14478000000000002 0.50478 0.74478 0.78478 0.74478 0.65478 0.49478 0.38478 0.19478 0.28478000000000003 0.37478 0.47478 0.53478 0.58478 0.70478 0.74478 0.8147800000000001 0.79478 0.71478 0.6847799999999999 0.64478 0.53478 0.35478 0.11478 0.044779999999999986 0.06478 0.11478 0.37478 0.51478 0.45478 0.60478 0.6847799999999999 0.71478 0.71478 0.73478 0.64478 0.53478 0.55478 0.66478 0.5647800000000001 0.43478 0.39478 0.44478 0.43478 0.5647800000000001 0.54478 0.49478 0.58478 0.58478 0.58478 0.5647800000000001 0.42478 0.26478 0.30478 0.54478
0.044779999999999986 0.08478000000000002 0.23478 0.46478 0.60478 0.61478 0.58478 0.40478000000000003 0.36478 0.23478 0.06478 0.13478 0.22477999999999998 0.26478 0.27478 0.53478 0.61478 0.8247800000000001 0.8147800000000001 0.80478 0.8347800000000001 0.8447800000000001 0.75478 0.62478 0.41478000000000004 0.18478 0.11478 0.0 0.07478000000000001 0.21478000000000003 0.28478000000000003 0.36478 0.50478 0.64478 0.80478 0.8147800000000001 0.73478 0.78478 0.67478 0.69478 0.73478 0.72478 0.53478 0.47478 0.45478 0.44478 0.47478 0.59478 0.5747800000000001 0.55478 0.55478 0.53478 0.58478 0.45478 0.34478 0.41478000000000004 0.49478
0.28478000000000003 0.23478 0.27478 0.41478000000000004 0.5647800000000001 0.50478 0.36478 0.28478000000000003 0.19478 0.14478000000000002 0.09478000000000003 0.08478000000000002 0.09478000000000003 0.11478 0.15478000000000003 0.33477999999999997 0.5747800000000001 0.69478 0.8247800000000001 0.90478 1.0 0.97478 0.8447800000000001 0.6847799999999999 0.44478 0.19478 0.13478 0.024780000000000024 0.07478000000000001 0.024780000000000024 0.18478 0.34478 0.47478 0.75478 0.9147799999999999 0.96478 0.80478 0.80478 0.87478 0.8247800000000001 0.8347800000000001 0.71478 0.51478 0.34478 0.34478 0.36478 0.32478 0.37478 0.46478 0.49478 0.50478 0.41478000000000004 0.45478 0.41478000000000004 0.35478 0.47478 0.54478
0.51478 0.55478 0.46478 0.40478000000000003 0.44478 0.42478 0.35478 0.26478 0.18478 0.19478 0.18478 0.15478000000000003 0.22477999999999998 0.18478 0.14478000000000002 0.23478 0.46478 0.55478 0.74478 0.95478 0.96478 0.9247799999999999 0.8447800000000001 0.55478 0.32478 0.21478000000000003 0.18478 0.11478 0.06478 0.09478000000000003 0.22477999999999998 0.38478 0.59478 0.8147800000000001 0.98478 0.97478 0.89478 0.97478 0.90478 0.89478 0.8447800000000001 0.55478 0.25478 0.10477999999999998 0.11478 0.16477999999999998 0.15478000000000003 0.17478 0.34478 0.48478 0.41478000000000004 0.42478 0.32478 0.27478 0.29478000000000004 0.45478 0.45478
0.69478 0.67478 0.5647800000000001 0.50478 0.55478 0.44478 0.42478 0.48478 0.45478 0.45478 0.35478 0.30478 0.28478000000000003 0.20478000000000002 0.25478 0.22477999999999998 0.38478 0.45478 0.64478 0.85478 0.90478 0.8347800000000001 0.8247800000000001 0.55478 0.37478 0.23478 0.37478 0.38478 0.20478000000000002 0.20478000000000002 0.30478 0.41478000000000004 0.62478 0.77478 0.87478 0.9247799999999999 0.89478 0.90478 0.79478 0.77478 0.61478 0.33477999999999997 0.054779999999999995 0.014780000000000015 0.0 0.13478 0.18478 0.15478000000000003 0.35478 0.43478 0.31478 0.29478000000000004 0.12478 0.06478 0.16477999999999998 0.35478 0.42478
0.96478 0.8247800000000001 0.74478 0.65478 0.5647800000000001 0.64478 0.61478 0.5747800000000001 0.63478 0.55478 0.53478 0.41478000000000004 0.42478 0.31478 0.18478 0.10477999999999998 0.26478 0.46478 0.55478 0.77478 0.95478 0.90478 0.79478 0.66478 0.53478 0.37478 0.46478 0.50478 0.33477999999999997 0.31478 0.27478 0.39478 0.47478 0.61478 0.66478 0.67478 0.72478 0.78478 0.65478 0.55478 0.50478 0.25478 0.08478000000000002 0.22477999999999998 0.21478000000000003 0.27478 0.22477999999999998 0.08478000000000002 0.27478 0.29478000000000004 0.25478 0.19478 0.07478000000000001 0.0 0.054779999999999995 0.08478000000000002 0.27478
1.0 0.96478 0.87478 0.8347800000000001 0.69478 0.59478 0.65478 0.63478 0.74478 0.67478 0.62478 0.53478 0.41478000000000004 0.32478 0.17478 0.07478000000000001 0.15478000000000003 0.31478 0.52478 0.74478 0.9347799999999999 0.98478 0.89478 0.86478 0.70478 0.55478 0.58478 0.59478 0.37478 0.15478000000000003 0.014780000000000015 0.17478 0.21478000000000003 0.36478 0.30478 0.36478 0.48478 0.54478 0.49478 0.52478 0.41478000000000004 0.30478 0.11478 0.23478 0.32478 0.36478 0.22477999999999998 0.11478 0.38478 0.38478 0.45478 0.38478 0.12478 0.0 0.0047800000000000065 0.0 0.0
0.95478 0.89478 0.80478 0.8347800000000001 0.80478 0.65478 0.5647800000000001 0.58478 0.80478 0.78478 0.71478 0.54478 0.59478 0.50478 0.31478 0.15478000000000003 0.12478 0.38478 0.51478 0.73478 0.90478 0.9147799999999999 0.8347800000000001 0.75478 0.71478 0.72478 0.6847799999999999 0.5747800000000001 0.28478000000000003 0.0 0.0 0.0 0.0047800000000000065 0.08478000000000002 0.10477999999999998 0.25478 0.38478 0.42478 0.37478 0.29478000000000004 0.34478 0.37478 0.31478 0.38478 0.50478 0.45478 0.24478 0.24478 0.36478 0.55478 0.58478 0.44478 0.14478000000000002 0.0 0.0047800000000000065 0.0 0.0
0.90478 0.87478 0.72478 0.86478 0.87478 0.6847799999999999 0.72478 0.71478 0.80478 0.88478 0.88478 0.72478 0.78478 0.54478 0.23478 0.15478000000000003 0.25478 0.48478 0.5647800000000001 0.71478 0.8247800000000001 0.75478 0.69478 0.59478 0.64478 0.5747800000000001 0.50478 0.42478 0.17478 0.0 0.0 0.0 0.0 0.0 0.11478 0.32478 0.33477999999999997 0.30478 0.24478 0.30478 0.39478 0.53478 0.59478 0.53478 0.72478 0.5647800000000001 0.37478 0.24478 0.29478000000000004 0.54478 0.62478 0.52478 0.26478 0.08478000000000002 0.014780000000000015 0.0047800000000000065 0.15478000000000003
0.70478 0.80478 0.71478 0.85478 0.85478 0.78478 0.90478 0.77478 0.77478 0.8247800000000001 0.76478 0.62478 0.72478 0.5647800000000001 0.36478 0.31478 0.36478 0.50478 0.5747800000000001 0.69478 0.78478 0.73478 0.6847799999999999 0.47478 0.46478 0.42478 0.39478 0.32478 0.16477999999999998 0.024780000000000024 0.0 0.0 0.0 0.14478000000000002 0.29478000000000004 0.36478 0.40478000000000003 0.39478 0.33477999999999997 0.40478000000000003 0.55478 0.71478 0.73478 0.63478 0.77478 0.59478 0.39478 0.34478 0.41478000000000004 0.65478 0.70478 0.61478 0.48478 0.37478 0.27478 0.16477999999999998 0.19478
0.54478 0.58478 0.61478 0.71478 0.70478 0.73478 0.8447800000000001 0.71478 0.65478 0.67478 0.5747800000000001 0.58478 0.66478 0.62478 0.52478 0.51478 0.60478 0.64478 0.65478 0.6847799999999999 0.64478 0.70478 0.50478 0.38478 0.45478 0.46478 0.28478000000000003 0.15478000000000003 0.16477999999999998 0.13478 0.06478 0.0 0.0047800000000000065 0.25478 0.38478 0.54478 0.45478 0.49478 0.64478 0.67478 0.80478 0.85478 0.78478 0.80478 0.8147800000000001 0.71478 0.59478 0.49478 0.65478 0.79478 0.86478 0.78478 0.64478 0.58478 0.58478 0.44478 0.33477999999999997
0.35478 0.50478 0.5747800000000001 0.61478 0.66478 0.58478 0.61478 0.5747800000000001 0.52478 0.51478 0.5747800000000001 0.5747800000000001 0.61478 0.74478 0.73478 0.67478 0.77478 0.77478 0.69478 0.58478 0.5647800000000001 0.48478 0.34478 0.20478000000000002 0.33477999999999997 0.42478 0.22477999999999998 0.17478 0.13478 0.13478 0.16477999999999998 0.18478 0.21478000000000003 0.43478 0.5747800000000001 0.75478 0.62478 0.58478 0.8247800000000001 0.94478 1.0 0.96478 0.96478 0.90478 0.9347799999999999 0.80478 0.70478 0.70478 0.75478 0.9147799999999999 1.0 0.97478 0.9147799999999999 0.8447800000000001 0.76478 0.52478 0.38478
0.19478 0.31478 0.44478 0.50478 0.50478 0.42478 0.38478 0.45478 0.43478 0.49478 0.47478 0.47478 0.61478 0.76478 0.77478 0.8347800000000001 0.85478 0.8447800000000001 0.77478 0.67478 0.53478 0.51478 0.44478 0.26478 0.25478 0.32478 0.17478 0.03478000000000003 0.0 0.014780000000000015 0.33477999999999997 0.40478000000000003 0.41478000000000004 0.71478 0.79478 0.8347800000000001 0.77478 0.77478 0.8447800000000001 0.96478 0.9247799999999999 0.89478 0.86478 0.96478 1.0 0.95478 0.8147800000000001 0.75478 0.8447800000000001 0.8247800000000001 0.9247799999999999 1.0 1.0 0.96478 0.88478 0.67478 0.48478
0.26478 0.27478 0.36478 0.38478 0.40478000000000003 0.39478 0.40478000000000003 0.45478 0.46478 0.50478 0.51478 0.36478 0.45478 0.59478 0.69478 0.88478 1.0 1.0 0.9247799999999999 0.90478 0.61478 0.53478 0.34478 0.25478 0.25478 0.32478 0.23478 0.054779999999999995 0.054779999999999995 0.11478 0.44478 0.52478 0.73478 0.88478 0.94478 0.85478 0.8447800000000001 0.74478 0.8447800000000001 0.98478 0.86478 0.69478 0.64478 0.8247800000000001 0.9347799999999999 1.0 0.94478 0.70478 0.69478 0.80478 0.86478 0.88478 1.0 1.0 0.90478 0.71478 0.59478
0.36478 0.39478 0.39478 0.38478 0.39478 0.42478 0.38478 0.35478 0.34478 0.40478000000000003 0.35478 0.32478 0.35478 0.54478 0.8347800000000001 1.0 1.0 1.0 1.0 0.8347800000000001 0.5747800000000001 0.39478 0.28478000000000003 0.17478 0.25478 0.38478 0.33477999999999997 0.19478 0.21478000000000003 0.25478 0.48478 0.59478 0.8247800000000001 0.98478 1.0 0.88478 0.77478 0.65478 0.72478 0.79478 0.76478 0.51478 0.51478 0.66478 0.75478 0.97478 0.90478 0.74478 0.54478 0.65478 0.78478 0.97478 1.0 1.0 0.9147799999999999 0.8147800000000001 0.61478
